TABLE NO.  2
 ID          CL          V           DV          PRED        RES         WRES
  1.0000E+00  4.3953E+01  4.6477E+02  1.2161E+00  0.0000E+00  1.2161E+00  2.9445E-01
  1.0000E+00  4.3953E+01  4.6477E+02  1.2565E+01  0.0000E+00  1.2565E+01  3.0423E+00
  1.0000E+00  4.3953E+01  4.6477E+02  1.1218E+01  0.0000E+00  1.1218E+01  2.7161E+00
  1.0000E+00  4.3953E+01  4.6477E+02  1.7709E+01  0.0000E+00  1.7709E+01  4.2878E+00
  1.0000E+00  4.3953E+01  4.6477E+02  2.1925E+01  0.0000E+00  2.1925E+01  5.3085E+00
  1.0000E+00  4.3953E+01  4.6477E+02  1.6205E+01  0.0000E+00  1.6205E+01  3.9236E+00
  1.0000E+00  4.3953E+01  4.6477E+02  1.8692E+01  0.0000E+00  1.8692E+01  4.5258E+00
  1.0000E+00  4.3953E+01  4.6477E+02  2.3788E+01  0.0000E+00  2.3788E+01  5.7596E+00
  1.0000E+00  4.3953E+01  4.6477E+02  1.6475E+01  0.0000E+00  1.6475E+01  3.9890E+00
  1.0000E+00  4.3953E+01  4.6477E+02  1.7346E+01  0.0000E+00  1.7346E+01  4.1999E+00
  1.0000E+00  4.3953E+01  4.6477E+02  1.8373E+01  0.0000E+00  1.8373E+01  4.4485E+00
  1.0000E+00  4.3953E+01  4.6477E+02  1.8252E+01  0.0000E+00  1.8252E+01  4.4192E+00
  1.0000E+00  4.3953E+01  4.6477E+02  1.8359E+01  0.0000E+00  1.8359E+01  4.4451E+00
  1.0000E+00  4.3953E+01  4.6477E+02  1.3057E+01  0.0000E+00  1.3057E+01  3.1614E+00
  1.0000E+00  4.3953E+01  4.6477E+02  1.5134E+01  0.0000E+00  1.5134E+01  3.6643E+00
  1.0000E+00  4.3953E+01  4.6477E+02  8.4486E+00  0.0000E+00  8.4486E+00  2.0456E+00
  1.0000E+00  4.3953E+01  4.6477E+02  1.0985E+01  0.0000E+00  1.0985E+01  2.6597E+00
  1.0000E+00  4.3953E+01  4.6477E+02  5.7362E+00  0.0000E+00  5.7362E+00  1.3889E+00
  1.0000E+00  4.3953E+01  4.6477E+02  8.4208E+00  0.0000E+00  8.4208E+00  2.0389E+00
  2.0000E+00  4.5830E+01  5.3412E+02  0.0000E+00  0.0000E+00  0.0000E+00  0.0000E+00
  2.0000E+00  4.5830E+01  5.3412E+02  1.1076E+00  0.0000E+00  1.1076E+00  2.6818E-01
  2.0000E+00  4.5830E+01  5.3412E+02  1.0152E+01  9.3280E+00  8.2395E-01  5.7569E-01
  2.0000E+00  4.5830E+01  5.3412E+02  1.1842E+01  1.4363E+01 -2.5207E+00 -2.5402E-01
  2.0000E+00  4.5830E+01  5.3412E+02  1.3557E+01  1.6992E+01 -3.4349E+00 -4.7912E-01
  2.0000E+00  4.5830E+01  5.3412E+02  1.2662E+01  1.8275E+01 -5.6133E+00 -1.2397E+00
  2.0000E+00  4.5830E+01  5.3412E+02  1.5854E+01  1.8807E+01 -2.9534E+00 -2.3931E-01
  2.0000E+00  4.5830E+01  5.3412E+02  1.5432E+01  1.8922E+01 -3.4900E+00 -4.3821E-01
  2.0000E+00  4.5830E+01  5.3412E+02  1.7372E+01  1.8806E+01 -1.4342E+00  3.2578E-01
  2.0000E+00  4.5830E+01  5.3412E+02  1.9629E+01  1.8565E+01  1.0641E+00  1.2412E+00
  2.0000E+00  4.5830E+01  5.3412E+02  1.7099E+01  1.8257E+01 -1.1580E+00  3.9324E-01
  2.0000E+00  4.5830E+01  5.3412E+02  1.4025E+01  1.7915E+01 -3.8904E+00 -6.2994E-01
  2.0000E+00  4.5830E+01  5.3412E+02  1.4696E+01  1.7559E+01 -2.8626E+00 -2.6950E-01
  2.0000E+00  4.5830E+01  5.3412E+02  1.5417E+01  1.7197E+01 -1.7798E+00  1.0404E-01
  2.0000E+00  4.5830E+01  5.3412E+02  1.3979E+01  1.5781E+01 -1.8016E+00  2.2893E-02
  2.0000E+00  4.5830E+01  5.3412E+02  9.3259E+00  1.2155E+01 -2.8286E+00 -4.6395E-01
  2.0000E+00  4.5830E+01  5.3412E+02  6.8900E+00  9.3604E+00 -2.4704E+00 -4.3819E-01
  2.0000E+00  4.5830E+01  5.3412E+02  5.2125E+00  7.2086E+00 -1.9961E+00 -3.6071E-01
  2.0000E+00  4.5830E+01  5.3412E+02  4.1558E+00  5.5514E+00 -1.3956E+00 -2.3924E-01
  2.0000E+00  4.5830E+01  5.3412E+02  3.2563E+00  4.2753E+00 -1.0190E+00 -1.7187E-01
  3.0000E+00  2.5147E+01  3.6607E+02  0.0000E+00  0.0000E+00  0.0000E+00  0.0000E+00
  3.0000E+00  2.5147E+01  3.6607E+02 -7.3757E-02  0.0000E+00 -7.3757E-02 -1.7858E-02
  3.0000E+00  2.5147E+01  3.6607E+02  9.3116E+00  9.3542E+00 -4.2628E-02 -6.7095E-01
  3.0000E+00  2.5147E+01  3.6607E+02  2.0167E+01  1.4450E+01  5.7169E+00  7.4684E-01
  3.0000E+00  2.5147E+01  3.6607E+02  2.1678E+01  1.7158E+01  4.5196E+00  1.3747E-01
  3.0000E+00  2.5147E+01  3.6607E+02  2.4841E+01  1.8529E+01  6.3119E+00  6.8875E-01
  3.0000E+00  2.5147E+01  3.6607E+02  2.1191E+01  1.9152E+01  2.0393E+00 -9.6002E-01
  3.0000E+00  2.5147E+01  3.6607E+02  2.2233E+01  1.9357E+01  2.8763E+00 -6.5595E-01
  3.0000E+00  2.5147E+01  3.6607E+02  2.5764E+01  1.9330E+01  6.4343E+00  7.1028E-01
  3.0000E+00  2.5147E+01  3.6607E+02  2.6171E+01  1.9175E+01  6.9961E+00  9.4738E-01
  3.0000E+00  2.5147E+01  3.6607E+02  2.6855E+01  1.8951E+01  7.9044E+00  1.3173E+00
  3.0000E+00  2.5147E+01  3.6607E+02  2.4440E+01  1.8690E+01  5.7504E+00  5.3952E-01
  3.0000E+00  2.5147E+01  3.6607E+02  2.2379E+01  1.8410E+01  3.9688E+00 -8.8392E-02
  3.0000E+00  2.5147E+01  3.6607E+02  1.9932E+01  1.8123E+01  1.8092E+00 -8.4613E-01
  3.0000E+00  2.5147E+01  3.6607E+02  2.1774E+01  1.6974E+01  4.8000E+00  3.9076E-01
  3.0000E+00  2.5147E+01  3.6607E+02  1.7953E+01  1.3904E+01  4.0493E+00  4.4674E-01
  3.0000E+00  2.5147E+01  3.6607E+02  1.2802E+01  1.1387E+01  1.4147E+00 -1.6082E-01
  3.0000E+00  2.5147E+01  3.6607E+02  1.1368E+01  9.3263E+00  2.0417E+00  2.0233E-01
  3.0000E+00  2.5147E+01  3.6607E+02  1.1672E+01  7.6384E+00  4.0336E+00  8.8241E-01
  3.0000E+00  2.5147E+01  3.6607E+02  7.5140E+00  6.2559E+00  1.2581E+00  1.7855E-01
  4.0000E+00  4.8220E+01  6.3317E+02  0.0000E+00  0.0000E+00  0.0000E+00  0.0000E+00
  4.0000E+00  4.8220E+01  6.3317E+02 -2.4017E-01  0.0000E+00 -2.4017E-01 -5.8151E-02
  4.0000E+00  4.8220E+01  6.3317E+02  8.3117E+00  9.3253E+00 -1.0136E+00  3.6405E-01
  4.0000E+00  4.8220E+01  6.3317E+02  1.2332E+01  1.4353E+01 -2.0215E+00  4.8785E-01
  4.0000E+00  4.8220E+01  6.3317E+02  9.5114E+00  1.6974E+01 -7.4630E+00 -1.1874E+00
  4.0000E+00  4.8220E+01  6.3317E+02  1.5384E+01  1.8249E+01 -2.8646E+00  5.7172E-01
  4.0000E+00  4.8220E+01  6.3317E+02  1.5128E+01  1.8771E+01 -3.6434E+00  3.2451E-01
  4.0000E+00  4.8220E+01  6.3317E+02  1.2791E+01  1.8877E+01 -6.0856E+00 -5.9623E-01
  4.0000E+00  4.8220E+01  6.3317E+02  1.1972E+01  1.8752E+01 -6.7796E+00 -8.8214E-01
  4.0000E+00  4.8220E+01  6.3317E+02  1.3333E+01  1.8502E+01 -5.1685E+00 -3.1663E-01
  4.0000E+00  4.8220E+01  6.3317E+02  1.3072E+01  1.8185E+01 -5.1131E+00 -3.3843E-01
  4.0000E+00  4.8220E+01  6.3317E+02  1.1469E+01  1.7835E+01 -6.3664E+00 -8.4083E-01
  4.0000E+00  4.8220E+01  6.3317E+02  1.1090E+01  1.7471E+01 -6.3809E+00 -8.8549E-01
  4.0000E+00  4.8220E+01  6.3317E+02  1.4601E+01  1.7102E+01 -2.5006E+00  4.6921E-01
  4.0000E+00  4.8220E+01  6.3317E+02  1.3715E+01  1.5659E+01 -1.9444E+00  4.7381E-01
  4.0000E+00  4.8220E+01  6.3317E+02  1.0035E+01  1.1983E+01 -1.9478E+00  6.0708E-02
  4.0000E+00  4.8220E+01  6.3317E+02  6.7983E+00  9.1682E+00 -2.3699E+00 -3.0369E-01
  4.0000E+00  4.8220E+01  6.3317E+02  3.0324E+00  7.0147E+00 -3.9823E+00 -8.9205E-01
  4.0000E+00  4.8220E+01  6.3317E+02  3.8927E+00  5.3670E+00 -1.4743E+00 -2.7976E-01
  4.0000E+00  4.8220E+01  6.3317E+02  3.8535E+00  4.1064E+00 -2.5289E-01 -1.2526E-02
  5.0000E+00  2.5733E+01  4.3389E+02  0.0000E+00  0.0000E+00  0.0000E+00  0.0000E+00
  5.0000E+00  2.5733E+01  4.3389E+02  5.3430E-01  0.0000E+00  5.3430E-01  1.2937E-01
  5.0000E+00  2.5733E+01  4.3389E+02  8.8596E+00  9.3158E+00 -4.5617E-01 -3.3901E-01
  5.0000E+00  2.5733E+01  4.3389E+02  1.4427E+01  1.4322E+01  1.0519E-01 -3.4131E-01
  5.0000E+00  2.5733E+01  4.3389E+02  1.6130E+01  1.6914E+01 -7.8428E-01 -7.8602E-01
  5.0000E+00  2.5733E+01  4.3389E+02  2.4238E+01  1.8157E+01  6.0807E+00  1.6316E+00
  5.0000E+00  2.5733E+01  4.3389E+02  1.5178E+01  1.8648E+01 -3.4699E+00 -1.9660E+00
  5.0000E+00  2.5733E+01  4.3389E+02  2.2489E+01  1.8721E+01  3.7677E+00  6.8429E-01
  5.0000E+00  2.5733E+01  4.3389E+02  2.4514E+01  1.8565E+01  5.9487E+00  1.4529E+00
  5.0000E+00  2.5733E+01  4.3389E+02  2.2087E+01  1.8285E+01  3.8018E+00  6.1264E-01
  5.0000E+00  2.5733E+01  4.3389E+02  1.8739E+01  1.7940E+01  7.9894E-01 -5.2569E-01
  5.0000E+00  2.5733E+01  4.3389E+02  1.5653E+01  1.7563E+01 -1.9100E+00 -1.5329E+00
  5.0000E+00  2.5733E+01  4.3389E+02  2.1381E+01  1.7172E+01  4.2087E+00  6.5767E-01
  5.0000E+00  2.5733E+01  4.3389E+02  2.2030E+01  1.6778E+01  5.2518E+00  9.9959E-01
  5.0000E+00  2.5733E+01  4.3389E+02  2.0821E+01  1.5249E+01  5.5718E+00  1.0011E+00
  5.0000E+00  2.5733E+01  4.3389E+02  1.6266E+01  1.1410E+01  4.8559E+00  6.0952E-01
  5.0000E+00  2.5733E+01  4.3389E+02  1.2420E+01  8.5364E+00  3.8836E+00  3.0959E-01
  5.0000E+00  2.5733E+01  4.3389E+02  1.3299E+01  6.3864E+00  6.9126E+00  1.1963E+00
  5.0000E+00  2.5733E+01  4.3389E+02  1.0335E+01  4.7779E+00  5.5571E+00  8.7365E-01
  5.0000E+00  2.5733E+01  4.3389E+02  9.3872E+00  3.5745E+00  5.8127E+00  9.9989E-01
  6.0000E+00  7.1984E+01  2.5255E+02  0.0000E+00  0.0000E+00  0.0000E+00  0.0000E+00
  6.0000E+00  7.1984E+01  2.5255E+02  2.9626E-01  0.0000E+00  2.9626E-01  7.1731E-02
  6.0000E+00  7.1984E+01  2.5255E+02  1.4315E+01  9.2888E+00  5.0262E+00  9.0131E-02
  6.0000E+00  7.1984E+01  2.5255E+02  2.7738E+01  1.4232E+01  1.3506E+01  2.1009E+00
  6.0000E+00  7.1984E+01  2.5255E+02  3.0663E+01  1.6745E+01  1.3918E+01  2.0058E+00
  6.0000E+00  7.1984E+01  2.5255E+02  2.8684E+01  1.7900E+01  1.0784E+01  8.1861E-01
  6.0000E+00  7.1984E+01  2.5255E+02  2.4885E+01  1.8302E+01  6.5835E+00 -6.7113E-01
  6.0000E+00  7.1984E+01  2.5255E+02  3.2096E+01  1.8287E+01  1.3809E+01  2.1376E+00
  6.0000E+00  7.1984E+01  2.5255E+02  2.7022E+01  1.8046E+01  8.9764E+00  5.2764E-01
  6.0000E+00  7.1984E+01  2.5255E+02  2.8394E+01  1.7684E+01  1.0710E+01  1.3497E+00
  6.0000E+00  7.1984E+01  2.5255E+02  1.9052E+01  1.7261E+01  1.7906E+00 -1.6814E+00
  6.0000E+00  7.1984E+01  2.5255E+02  2.4557E+01  1.6811E+01  7.7461E+00  6.5361E-01
  6.0000E+00  7.1984E+01  2.5255E+02  1.8485E+01  1.6351E+01  2.1340E+00 -1.1439E+00
  6.0000E+00  7.1984E+01  2.5255E+02  1.7830E+01  1.5892E+01  1.9381E+00 -1.0219E+00
  6.0000E+00  7.1984E+01  2.5255E+02  1.3155E+01  1.4140E+01 -9.8548E-01 -1.3513E+00
  6.0000E+00  7.1984E+01  2.5255E+02  8.4222E+00  9.9262E+00 -1.5040E+00 -3.2649E-01
  6.0000E+00  7.1984E+01  2.5255E+02  4.9649E+00  6.9669E+00 -2.0020E+00  9.3456E-03
  6.0000E+00  7.1984E+01  2.5255E+02 -3.1050E-01  4.8898E+00 -5.2003E+00 -6.8711E-01
  6.0000E+00  7.1984E+01  2.5255E+02  1.4111E+00  3.4320E+00 -2.0209E+00  1.7100E-01
  6.0000E+00  7.1984E+01  2.5255E+02  1.4164E+00  2.4088E+00 -9.9238E-01  3.7382E-01
  7.0000E+00  4.0145E+01  5.2062E+02  0.0000E+00  0.0000E+00  0.0000E+00  0.0000E+00
  7.0000E+00  4.0145E+01  5.2062E+02 -1.4391E+00  0.0000E+00 -1.4391E+00 -3.4844E-01
  7.0000E+00  4.0145E+01  5.2062E+02  8.5353E+00  9.2958E+00 -7.6046E-01  1.1304E-02
  7.0000E+00  4.0145E+01  5.2062E+02  1.3037E+01  1.4255E+01 -1.2184E+00 -8.7983E-03
  7.0000E+00  4.0145E+01  5.2062E+02  1.1623E+01  1.6788E+01 -5.1654E+00 -1.3554E+00
  7.0000E+00  4.0145E+01  5.2062E+02  1.9103E+01  1.7966E+01  1.1365E+00  9.0839E-01
  7.0000E+00  4.0145E+01  5.2062E+02  2.2441E+01  1.8391E+01  4.0503E+00  1.9735E+00
  7.0000E+00  4.0145E+01  5.2062E+02  1.2201E+01  1.8399E+01 -6.1975E+00 -1.8635E+00
  7.0000E+00  4.0145E+01  5.2062E+02  1.8646E+01  1.8179E+01  4.6703E-01  5.5813E-01
  7.0000E+00  4.0145E+01  5.2062E+02  1.6261E+01  1.7838E+01 -1.5770E+00 -2.4244E-01
  7.0000E+00  4.0145E+01  5.2062E+02  1.8519E+01  1.7435E+01  1.0841E+00  6.7565E-01
  7.0000E+00  4.0145E+01  5.2062E+02  1.6067E+01  1.7003E+01 -9.3584E-01 -1.0117E-01
  7.0000E+00  4.0145E+01  5.2062E+02  1.3287E+01  1.6560E+01 -3.2732E+00 -9.7132E-01
  7.0000E+00  4.0145E+01  5.2062E+02  1.5586E+01  1.6117E+01 -5.3121E-01 -4.2052E-02
  7.0000E+00  4.0145E+01  5.2062E+02  1.4131E+01  1.4420E+01 -2.8913E-01 -9.7639E-02
  7.0000E+00  4.0145E+01  5.2062E+02  1.0141E+01  1.0292E+01 -1.5067E-01 -2.7821E-01
  7.0000E+00  4.0145E+01  5.2062E+02  8.8287E+00  7.3441E+00  1.4846E+00  1.1460E-01
  7.0000E+00  4.0145E+01  5.2062E+02  8.5356E+00  5.2407E+00  3.2949E+00  5.8027E-01
  7.0000E+00  4.0145E+01  5.2062E+02  1.0732E+01  3.7397E+00  6.9923E+00  1.5434E+00
  7.0000E+00  4.0145E+01  5.2062E+02  5.6827E+00  2.6686E+00  3.0141E+00  5.2568E-01
  8.0000E+00  4.9433E+01  7.0701E+02  0.0000E+00  0.0000E+00  0.0000E+00  0.0000E+00
  8.0000E+00  4.9433E+01  7.0701E+02 -1.4741E+00  0.0000E+00 -1.4741E+00 -3.5691E-01
  8.0000E+00  4.9433E+01  7.0701E+02  7.9728E+00  9.3038E+00 -1.3310E+00  4.6781E-01
  8.0000E+00  4.9433E+01  7.0701E+02  8.8496E+00  1.4282E+01 -5.4326E+00 -3.1353E-01
  8.0000E+00  4.9433E+01  7.0701E+02  1.3640E+01  1.6839E+01 -3.1992E+00  7.2751E-01
  8.0000E+00  4.9433E+01  7.0701E+02  1.0014E+01  1.8043E+01 -8.0293E+00 -9.0959E-01
  8.0000E+00  4.9433E+01  7.0701E+02  1.1450E+01  1.8494E+01 -7.0443E+00 -5.4209E-01
  8.0000E+00  4.9433E+01  7.0701E+02  1.2985E+01  1.8528E+01 -5.5433E+00 -2.3825E-02
  8.0000E+00  4.9433E+01  7.0701E+02  1.3505E+01  1.8334E+01 -4.8291E+00  1.7416E-01
  8.0000E+00  4.9433E+01  7.0701E+02  1.3047E+01  1.8017E+01 -4.9704E+00  4.1133E-02
  8.0000E+00  4.9433E+01  7.0701E+02  1.0564E+01  1.7637E+01 -7.0733E+00 -8.0943E-01
  8.0000E+00  4.9433E+01  7.0701E+02  1.2683E+01  1.7227E+01 -4.5441E+00  2.4336E-02
  8.0000E+00  4.9433E+01  7.0701E+02  8.6373E+00  1.6805E+01 -8.1676E+00 -1.3507E+00
  8.0000E+00  4.9433E+01  7.0701E+02  1.1059E+01  1.6381E+01 -5.3222E+00 -4.1462E-01
  8.0000E+00  4.9433E+01  7.0701E+02  8.8038E+00  1.4750E+01 -5.9459E+00 -8.9391E-01
  8.0000E+00  4.9433E+01  7.0701E+02  1.0215E+01  1.0730E+01 -5.1500E-01  2.9309E-01
  8.0000E+00  4.9433E+01  7.0701E+02  9.1337E+00  7.8046E+00  1.3291E+00  4.9735E-01
  8.0000E+00  4.9433E+01  7.0701E+02  7.4354E+00  5.6768E+00  1.7586E+00  4.3247E-01
  8.0000E+00  4.9433E+01  7.0701E+02  2.7340E+00  4.1291E+00 -1.3951E+00 -4.8794E-01
  8.0000E+00  4.9433E+01  7.0701E+02  3.1525E+00  3.0034E+00  1.4912E-01 -1.1044E-01
  9.0000E+00  2.5076E+01  3.6426E+02  0.0000E+00  0.0000E+00  0.0000E+00  0.0000E+00
  9.0000E+00  2.5076E+01  3.6426E+02  8.7304E-01  0.0000E+00  8.7304E-01  2.1138E-01
  9.0000E+00  2.5076E+01  3.6426E+02  9.3326E+00  9.3358E+00 -3.1532E-03 -6.8113E-01
  9.0000E+00  2.5076E+01  3.6426E+02  1.8401E+01  1.4388E+01  4.0126E+00  1.3503E-01
  9.0000E+00  2.5076E+01  3.6426E+02  1.8791E+01  1.7041E+01  1.7502E+00 -9.1317E-01
  9.0000E+00  2.5076E+01  3.6426E+02  2.2161E+01  1.8350E+01  3.8113E+00 -3.1860E-01
  9.0000E+00  2.5076E+01  3.6426E+02  2.5832E+01  1.8908E+01  6.9239E+00  7.8150E-01
  9.0000E+00  2.5076E+01  3.6426E+02  2.7124E+01  1.9049E+01  8.0750E+00  1.1977E+00
  9.0000E+00  2.5076E+01  3.6426E+02  2.4099E+01  1.8959E+01  5.1402E+00  9.3389E-02
  9.0000E+00  2.5076E+01  3.6426E+02  2.5978E+01  1.8742E+01  7.2355E+00  8.9211E-01
  9.0000E+00  2.5076E+01  3.6426E+02  2.6581E+01  1.8459E+01  8.1224E+00  1.2372E+00
  9.0000E+00  2.5076E+01  3.6426E+02  2.0701E+01  1.8140E+01  2.5610E+00 -7.9793E-01
  9.0000E+00  2.5076E+01  3.6426E+02  2.3277E+01  1.7805E+01  5.4718E+00  2.9996E-01
  9.0000E+00  2.5076E+01  3.6426E+02  2.4942E+01  1.7464E+01  7.4776E+00  1.0519E+00
  9.0000E+00  2.5076E+01  3.6426E+02  1.9075E+01  1.6123E+01  2.9519E+00 -4.6017E-01
  9.0000E+00  2.5076E+01  3.6426E+02  1.4777E+01  1.2646E+01  2.1314E+00 -4.1592E-01
  9.0000E+00  2.5076E+01  3.6426E+02  1.6292E+01  9.9168E+00  6.3752E+00  1.0887E+00
  9.0000E+00  2.5076E+01  3.6426E+02  1.3662E+01  7.7769E+00  5.8851E+00  1.0543E+00
  9.0000E+00  2.5076E+01  3.6426E+02  1.3293E+01  6.0987E+00  7.1943E+00  1.4968E+00
  9.0000E+00  2.5076E+01  3.6426E+02  6.0762E+00  4.7827E+00  1.2935E+00 -2.4120E-02
  1.0000E+01  3.8747E+01  6.6717E+02  0.0000E+00  0.0000E+00  0.0000E+00  0.0000E+00
  1.0000E+01  3.8747E+01  6.6717E+02 -3.7150E-01  0.0000E+00 -3.7150E-01 -8.9949E-02
  1.0000E+01  3.8747E+01  6.6717E+02  6.5295E+00  9.3349E+00 -2.8054E+00 -7.4029E-02
  1.0000E+01  3.8747E+01  6.6717E+02  4.7900E+00  1.4385E+01 -9.5955E+00 -1.8780E+00
  1.0000E+01  3.8747E+01  6.6717E+02  1.3608E+01  1.7035E+01 -3.4273E+00  4.4019E-01
  1.0000E+01  3.8747E+01  6.6717E+02  1.5042E+01  1.8341E+01 -3.2994E+00  6.1821E-01
  1.0000E+01  3.8747E+01  6.6717E+02  1.0515E+01  1.8897E+01 -8.3819E+00 -1.2455E+00
  1.0000E+01  3.8747E+01  6.6717E+02  1.7271E+01  1.9035E+01 -1.7638E+00  1.2285E+00
  1.0000E+01  3.8747E+01  6.6717E+02  1.2888E+01  1.8942E+01 -6.0537E+00 -4.2633E-01
  1.0000E+01  3.8747E+01  6.6717E+02  1.0862E+01  1.8723E+01 -7.8606E+00 -1.1523E+00
  1.0000E+01  3.8747E+01  6.6717E+02  1.1253E+01  1.8436E+01 -7.1830E+00 -9.5052E-01
  1.0000E+01  3.8747E+01  6.6717E+02  1.5143E+01  1.8115E+01 -2.9718E+00  5.4842E-01
  1.0000E+01  3.8747E+01  6.6717E+02  1.3918E+01  1.7778E+01 -3.8595E+00  1.5890E-01
  1.0000E+01  3.8747E+01  6.6717E+02  1.1673E+01  1.7434E+01 -5.7614E+00 -5.9063E-01
  1.0000E+01  3.8747E+01  6.6717E+02  1.4497E+01  1.6085E+01 -1.5876E+00  6.7188E-01
  1.0000E+01  3.8747E+01  6.6717E+02  8.3015E+00  1.2590E+01 -4.2884E+00 -7.1726E-01
  1.0000E+01  3.8747E+01  6.6717E+02  7.3889E+00  9.8532E+00 -2.4643E+00 -4.1892E-01
  1.0000E+01  3.8747E+01  6.6717E+02  6.0079E+00  7.7114E+00 -1.7035E+00 -3.6562E-01
  1.0000E+01  3.8747E+01  6.6717E+02  6.8062E+00  6.0351E+00  7.7107E-01  2.1323E-01
  1.0000E+01  3.8747E+01  6.6717E+02  5.6810E+00  4.7233E+00  9.5774E-01  1.9030E-01
  1.1000E+01  7.1038E+01  3.1070E+02  0.0000E+00  0.0000E+00  0.0000E+00  0.0000E+00
  1.1000E+01  7.1038E+01  3.1070E+02 -5.6842E-01  0.0000E+00 -5.6842E-01 -1.3763E-01
  1.1000E+01  7.1038E+01  3.1070E+02  1.4825E+01  9.2814E+00  5.5436E+00  7.4594E-01
  1.1000E+01  7.1038E+01  3.1070E+02  2.0806E+01  1.4208E+01  6.5982E+00  6.7805E-01
  1.1000E+01  7.1038E+01  3.1070E+02  2.2776E+01  1.6698E+01  6.0775E+00  3.0864E-01
  1.1000E+01  7.1038E+01  3.1070E+02  2.5909E+01  1.7831E+01  8.0785E+00  9.9573E-01
  1.1000E+01  7.1038E+01  3.1070E+02  2.6750E+01  1.8208E+01  8.5420E+00  1.2280E+00
  1.1000E+01  7.1038E+01  3.1070E+02  2.2268E+01  1.8170E+01  4.0980E+00 -3.0625E-01
  1.1000E+01  7.1038E+01  3.1070E+02  2.1373E+01  1.7906E+01  3.4667E+00 -4.0646E-01
  1.1000E+01  7.1038E+01  3.1070E+02  2.2413E+01  1.7523E+01  4.8897E+00  2.5197E-01
  1.1000E+01  7.1038E+01  3.1070E+02  2.0015E+01  1.7081E+01  2.9345E+00 -3.1356E-01
  1.1000E+01  7.1038E+01  3.1070E+02  2.0055E+01  1.6611E+01  3.4438E+00  5.4276E-03
  1.1000E+01  7.1038E+01  3.1070E+02  2.1338E+01  1.6134E+01  5.2044E+00  7.5023E-01
  1.1000E+01  7.1038E+01  3.1070E+02  1.7573E+01  1.5658E+01  1.9150E+00 -2.7526E-01
  1.1000E+01  7.1038E+01  3.1070E+02  1.3612E+01  1.3852E+01 -2.3982E-01 -5.6902E-01
  1.1000E+01  7.1038E+01  3.1070E+02  5.6619E+00  9.5553E+00 -3.8934E+00 -9.1617E-01
  1.1000E+01  7.1038E+01  3.1070E+02  8.5935E-01  6.5905E+00 -5.7311E+00 -1.0966E+00
  1.1000E+01  7.1038E+01  3.1070E+02  2.6520E+00  4.5456E+00 -1.8936E+00  4.2246E-02
  1.1000E+01  7.1038E+01  3.1070E+02  1.9017E+00  3.1351E+00 -1.2334E+00  1.9257E-01
  1.1000E+01  7.1038E+01  3.1070E+02  3.0592E-01  2.1624E+00 -1.8564E+00 -2.5677E-02
  1.2000E+01  4.4880E+01  5.8958E+02  0.0000E+00  0.0000E+00  0.0000E+00  0.0000E+00
  1.2000E+01  4.4880E+01  5.8958E+02  6.9916E-01  0.0000E+00  6.9916E-01  1.6928E-01
  1.2000E+01  4.4880E+01  5.8958E+02  7.5569E+00  9.2812E+00 -1.7243E+00  4.7461E-02
  1.2000E+01  4.4880E+01  5.8958E+02  1.1316E+01  1.4207E+01 -2.8911E+00 -1.5833E-02
  1.2000E+01  4.4880E+01  5.8958E+02  1.1144E+01  1.6697E+01 -5.5532E+00 -8.1812E-01
  1.2000E+01  4.4880E+01  5.8958E+02  1.2664E+01  1.7829E+01 -5.1646E+00 -6.7524E-01
  1.2000E+01  4.4880E+01  5.8958E+02  1.3131E+01  1.8205E+01 -5.0745E+00 -6.8730E-01
  1.2000E+01  4.4880E+01  5.8958E+02  1.6421E+01  1.8167E+01 -1.7457E+00  4.6827E-01
  1.2000E+01  4.4880E+01  5.8958E+02  1.4409E+01  1.7902E+01 -3.4934E+00 -2.6172E-01
  1.2000E+01  4.4880E+01  5.8958E+02  1.6692E+01  1.7519E+01 -8.2685E-01  6.1588E-01
  1.2000E+01  4.4880E+01  5.8958E+02  1.5315E+01  1.7076E+01 -1.7606E+00  1.8191E-01
  1.2000E+01  4.4880E+01  5.8958E+02  1.4247E+01  1.6606E+01 -2.3587E+00 -1.2142E-01
  1.2000E+01  4.4880E+01  5.8958E+02  9.6188E+00  1.6128E+01 -6.5089E+00 -1.6576E+00
  1.2000E+01  4.4880E+01  5.8958E+02  1.6966E+01  1.5652E+01  1.3144E+00  9.8793E-01
  1.2000E+01  4.4880E+01  5.8958E+02  1.4428E+01  1.3844E+01  5.8409E-01  4.3601E-01
  1.2000E+01  4.4880E+01  5.8958E+02  1.0853E+01  9.5453E+00  1.3077E+00  1.6623E-01
  1.2000E+01  4.4880E+01  5.8958E+02  1.2252E+01  6.5803E+00  5.6717E+00  1.1984E+00
  1.2000E+01  4.4880E+01  5.8958E+02  7.5679E+00  4.5364E+00  3.0315E+00  4.0717E-01
  1.2000E+01  4.4880E+01  5.8958E+02  5.2946E+00  3.1273E+00  2.1673E+00  1.9295E-01
  1.2000E+01  4.4880E+01  5.8958E+02  1.4880E+00  2.1559E+00 -6.6790E-01 -4.8271E-01
  1.3000E+01  4.0496E+01  8.6781E+02  0.0000E+00  0.0000E+00  0.0000E+00  0.0000E+00
  1.3000E+01  4.0496E+01  8.6781E+02 -3.2042E-01  0.0000E+00 -3.2042E-01 -7.7581E-02
  1.3000E+01  4.0496E+01  8.6781E+02  6.7460E+00  9.3229E+00 -2.5769E+00  4.4566E-01
  1.3000E+01  4.0496E+01  8.6781E+02  8.6614E+00  1.4346E+01 -5.6843E+00  2.0807E-01
  1.3000E+01  4.0496E+01  8.6781E+02  8.3299E+00  1.6960E+01 -8.6297E+00 -4.3304E-01
  1.3000E+01  4.0496E+01  8.6781E+02  8.7517E+00  1.8226E+01 -9.4745E+00 -5.9075E-01
  1.3000E+01  4.0496E+01  8.6781E+02  6.7008E+00  1.8741E+01 -1.2040E+01 -1.5227E+00
  1.3000E+01  4.0496E+01  8.6781E+02  1.2519E+01  1.8838E+01 -6.3194E+00  5.7751E-01
  1.3000E+01  4.0496E+01  8.6781E+02  9.3268E+00  1.8706E+01 -9.3790E+00 -6.4710E-01
  1.3000E+01  4.0496E+01  8.6781E+02  1.1918E+01  1.8448E+01 -6.5302E+00  3.1641E-01
  1.3000E+01  4.0496E+01  8.6781E+02  9.9731E+00  1.8125E+01 -8.1516E+00 -3.9118E-01
  1.3000E+01  4.0496E+01  8.6781E+02  7.5797E+00  1.7768E+01 -1.0189E+01 -1.2414E+00
  1.3000E+01  4.0496E+01  8.6781E+02  7.9599E+00  1.7397E+01 -9.4372E+00 -1.0668E+00
  1.3000E+01  4.0496E+01  8.6781E+02  1.3055E+01  1.7022E+01 -3.9667E+00  7.9694E-01
  1.3000E+01  4.0496E+01  8.6781E+02  7.5450E+00  1.5558E+01 -8.0127E+00 -1.0098E+00
  1.3000E+01  4.0496E+01  8.6781E+02  1.0013E+01  1.1840E+01 -1.8268E+00  2.3741E-01
  1.3000E+01  4.0496E+01  8.6781E+02  5.4839E+00  9.0090E+00 -3.5251E+00 -7.3777E-01
  1.3000E+01  4.0496E+01  8.6781E+02  8.2221E+00  6.8551E+00  1.3670E+00  3.9628E-01
  1.3000E+01  4.0496E+01  8.6781E+02  6.4078E+00  5.2162E+00  1.1916E+00  1.8693E-01
  1.3000E+01  4.0496E+01  8.6781E+02  4.9566E+00  3.9691E+00  9.8755E-01  5.3322E-02
  1.4000E+01  5.0789E+01  8.2170E+02  0.0000E+00  0.0000E+00  0.0000E+00  0.0000E+00
  1.4000E+01  5.0789E+01  8.2170E+02 -1.0504E+00  0.0000E+00 -1.0504E+00 -2.5433E-01
  1.4000E+01  5.0789E+01  8.2170E+02  5.8911E+00  9.3302E+00 -3.4391E+00  5.7490E-02
  1.4000E+01  5.0789E+01  8.2170E+02  7.8781E+00  1.4370E+01 -6.4917E+00 -2.8190E-01
  1.4000E+01  5.0789E+01  8.2170E+02  1.1491E+01  1.7005E+01 -5.5144E+00  4.1852E-01
  1.4000E+01  5.0789E+01  8.2170E+02  7.3182E+00  1.8296E+01 -1.0978E+01 -1.4009E+00
  1.4000E+01  5.0789E+01  8.2170E+02  9.3346E+00  1.8835E+01 -9.5007E+00 -8.0393E-01
  1.4000E+01  5.0789E+01  8.2170E+02  1.2041E+01  1.8957E+01 -6.9161E+00  1.6458E-01
  1.4000E+01  5.0789E+01  8.2170E+02  1.5854E+01  1.8848E+01 -2.9943E+00  1.5996E+00
  1.4000E+01  5.0789E+01  8.2170E+02  1.0822E+01  1.8614E+01 -7.7919E+00 -2.5458E-01
  1.4000E+01  5.0789E+01  8.2170E+02  9.2415E+00  1.8313E+01 -9.0711E+00 -7.9092E-01
  1.4000E+01  5.0789E+01  8.2170E+02  8.2463E+00  1.7977E+01 -9.7311E+00 -1.0951E+00
  1.4000E+01  5.0789E+01  8.2170E+02  9.9437E+00  1.7627E+01 -7.6829E+00 -4.0962E-01
  1.4000E+01  5.0789E+01  8.2170E+02  8.5157E+00  1.7270E+01 -8.7548E+00 -8.6146E-01
  1.4000E+01  5.0789E+01  8.2170E+02  8.6114E+00  1.5875E+01 -7.2633E+00 -5.6792E-01
  1.4000E+01  5.0789E+01  8.2170E+02  5.0943E+00  1.2289E+01 -7.1943E+00 -1.0652E+00
  1.4000E+01  5.0789E+01  8.2170E+02  5.2004E+00  9.5113E+00 -4.3109E+00 -5.1701E-01
  1.4000E+01  5.0789E+01  8.2170E+02  3.4361E+00  7.3617E+00 -3.9256E+00 -6.3454E-01
  1.4000E+01  5.0789E+01  8.2170E+02  4.1310E+00  5.6979E+00 -1.5669E+00 -1.3789E-01
  1.4000E+01  5.0789E+01  8.2170E+02  3.2494E+00  4.4102E+00 -1.1608E+00 -1.3853E-01
  1.5000E+01  3.8463E+01  5.8590E+02  0.0000E+00  0.0000E+00  0.0000E+00  0.0000E+00
  1.5000E+01  3.8463E+01  5.8590E+02 -1.2576E+00  0.0000E+00 -1.2576E+00 -3.0449E-01
  1.5000E+01  3.8463E+01  5.8590E+02  6.8983E+00  9.3128E+00 -2.4145E+00 -1.8163E-01
  1.5000E+01  3.8463E+01  5.8590E+02  8.7259E+00  1.4312E+01 -5.5861E+00 -9.4337E-01
  1.5000E+01  3.8463E+01  5.8590E+02  1.2060E+01  1.6896E+01 -4.8357E+00 -5.8678E-01
  1.5000E+01  3.8463E+01  5.8590E+02  1.2764E+01  1.8129E+01 -5.3651E+00 -7.4903E-01
  1.5000E+01  3.8463E+01  5.8590E+02  1.7664E+01  1.8610E+01 -9.4593E-01  8.7794E-01
  1.5000E+01  3.8463E+01  5.8590E+02  1.6253E+01  1.8674E+01 -2.4205E+00  2.8851E-01
  1.5000E+01  3.8463E+01  5.8590E+02  1.5789E+01  1.8508E+01 -2.7190E+00  1.1850E-01
  1.5000E+01  3.8463E+01  5.8590E+02  1.4210E+01  1.8219E+01 -4.0088E+00 -4.2416E-01
  1.5000E+01  3.8463E+01  5.8590E+02  1.2709E+01  1.7865E+01 -5.1559E+00 -9.0811E-01
  1.5000E+01  3.8463E+01  5.8590E+02  1.4782E+01  1.7480E+01 -2.6975E+00 -7.5451E-02
  1.5000E+01  3.8463E+01  5.8590E+02  1.3680E+01  1.7081E+01 -3.4009E+00 -3.9259E-01
  1.5000E+01  3.8463E+01  5.8590E+02  1.8359E+01  1.6679E+01  1.6796E+00  1.3525E+00
  1.5000E+01  3.8463E+01  5.8590E+02  1.2386E+01  1.5124E+01 -2.7385E+00 -4.2718E-01
  1.5000E+01  3.8463E+01  5.8590E+02  1.1557E+01  1.1239E+01  3.1847E-01  1.4163E-01
  1.5000E+01  3.8463E+01  5.8590E+02  8.9367E+00  8.3498E+00  5.8688E-01 -1.0138E-03
  1.5000E+01  3.8463E+01  5.8590E+02  9.1989E+00  6.2036E+00  2.9953E+00  5.6425E-01
  1.5000E+01  3.8463E+01  5.8590E+02  8.1492E+00  4.6091E+00  3.5401E+00  6.5573E-01
  1.5000E+01  3.8463E+01  5.8590E+02  3.2366E+00  3.4244E+00 -1.8776E-01 -3.2605E-01
  1.6000E+01  2.6089E+01  4.0646E+02  0.0000E+00  0.0000E+00  0.0000E+00  0.0000E+00
  1.6000E+01  2.6089E+01  4.0646E+02  2.9605E-01  0.0000E+00  2.9605E-01  7.1680E-02
  1.6000E+01  2.6089E+01  4.0646E+02  1.2864E+01  9.3649E+00  3.4991E+00  6.9210E-01
  1.6000E+01  2.6089E+01  4.0646E+02  1.9816E+01  1.4486E+01  5.3303E+00  1.1790E+00
  1.6000E+01  2.6089E+01  4.0646E+02  2.0708E+01  1.7226E+01  3.4816E+00  4.8215E-01
  1.6000E+01  2.6089E+01  4.0646E+02  2.0340E+01  1.8633E+01  1.7068E+00 -2.1956E-01
  1.6000E+01  2.6089E+01  4.0646E+02  1.9966E+01  1.9293E+01  6.7279E-01 -6.3906E-01
  1.6000E+01  2.6089E+01  4.0646E+02  1.8822E+01  1.9536E+01 -7.1396E-01 -1.1755E+00
  1.6000E+01  2.6089E+01  4.0646E+02  2.3543E+01  1.9546E+01  3.9966E+00  6.3151E-01
  1.6000E+01  2.6089E+01  4.0646E+02  2.1939E+01  1.9428E+01  2.5108E+00  7.9353E-02
  1.6000E+01  2.6089E+01  4.0646E+02  2.4493E+01  1.9240E+01  5.2534E+00  1.1376E+00
  1.6000E+01  2.6089E+01  4.0646E+02  2.3563E+01  1.9013E+01  4.5497E+00  8.8612E-01
  1.6000E+01  2.6089E+01  4.0646E+02  2.2517E+01  1.8768E+01  3.7495E+00  6.0160E-01
  1.6000E+01  2.6089E+01  4.0646E+02  1.6775E+01  1.8513E+01 -1.7376E+00 -1.4241E+00
  1.6000E+01  2.6089E+01  4.0646E+02  2.0776E+01  1.7484E+01  3.2925E+00  5.1590E-01
  1.6000E+01  2.6089E+01  4.0646E+02  1.2688E+01  1.4683E+01 -1.9948E+00 -1.1162E+00
  1.6000E+01  2.6089E+01  4.0646E+02  1.2005E+01  1.2329E+01 -3.2427E-01 -3.8657E-01
  1.6000E+01  2.6089E+01  4.0646E+02  9.5967E+00  1.0353E+01 -7.5627E-01 -4.0271E-01
  1.6000E+01  2.6089E+01  4.0646E+02  1.1326E+01  8.6935E+00  2.6325E+00  6.6838E-01
  1.6000E+01  2.6089E+01  4.0646E+02  1.1408E+01  7.3000E+00  4.1080E+00  1.1125E+00
  1.7000E+01  4.0422E+01  6.4382E+02  0.0000E+00  0.0000E+00  0.0000E+00  0.0000E+00
  1.7000E+01  4.0422E+01  6.4382E+02  1.5452E+00  0.0000E+00  1.5452E+00  3.7413E-01
  1.7000E+01  4.0422E+01  6.4382E+02  6.3148E+00  9.3327E+00 -3.0179E+00 -1.8890E-01
  1.7000E+01  4.0422E+01  6.4382E+02  1.1782E+01  1.4378E+01 -2.5963E+00  3.6087E-01
  1.7000E+01  4.0422E+01  6.4382E+02  1.0068E+01  1.7022E+01 -6.9537E+00 -9.3076E-01
  1.7000E+01  4.0422E+01  6.4382E+02  1.0811E+01  1.8321E+01 -7.5096E+00 -1.0623E+00
  1.7000E+01  4.0422E+01  6.4382E+02  1.4761E+01  1.8869E+01 -4.1078E+00  2.2621E-01
  1.7000E+01  4.0422E+01  6.4382E+02  1.2888E+01  1.8999E+01 -6.1114E+00 -5.4028E-01
  1.7000E+01  4.0422E+01  6.4382E+02  1.2712E+01  1.8899E+01 -6.1872E+00 -6.0451E-01
  1.7000E+01  4.0422E+01  6.4382E+02  1.4478E+01  1.8673E+01 -4.1950E+00  9.4322E-02
  1.7000E+01  4.0422E+01  6.4382E+02  1.1640E+01  1.8380E+01 -6.7397E+00 -9.0475E-01
  1.7000E+01  4.0422E+01  6.4382E+02  1.4605E+01  1.8052E+01 -3.4471E+00  2.5752E-01
  1.7000E+01  4.0422E+01  6.4382E+02  1.3470E+01  1.7709E+01 -4.2387E+00 -8.9886E-02
  1.7000E+01  4.0422E+01  6.4382E+02  1.6893E+01  1.7360E+01 -4.6659E-01  1.2186E+00
  1.7000E+01  4.0422E+01  6.4382E+02  1.2601E+01  1.5989E+01 -3.3877E+00 -4.5074E-02
  1.7000E+01  4.0422E+01  6.4382E+02  9.3644E+00  1.2452E+01 -3.0875E+00 -3.7893E-01
  1.7000E+01  4.0422E+01  6.4382E+02  7.5676E+00  9.6961E+00 -2.1285E+00 -3.3886E-01
  1.7000E+01  4.0422E+01  6.4382E+02  4.8312E+00  7.5502E+00 -2.7190E+00 -6.5770E-01
  1.7000E+01  4.0422E+01  6.4382E+02  4.8111E+00  5.8793E+00 -1.0682E+00 -2.8523E-01
  1.7000E+01  4.0422E+01  6.4382E+02  6.3611E+00  4.5781E+00  1.7830E+00  4.1945E-01
  1.8000E+01  2.8755E+01  6.2835E+02  0.0000E+00  0.0000E+00  0.0000E+00  0.0000E+00
  1.8000E+01  2.8755E+01  6.2835E+02  3.1204E-01  0.0000E+00  3.1204E-01  7.5552E-02
  1.8000E+01  2.8755E+01  6.2835E+02  6.9726E+00  9.3280E+00 -2.3554E+00  5.7245E-03
  1.8000E+01  2.8755E+01  6.2835E+02  8.1525E+00  1.4363E+01 -6.2102E+00 -8.5717E-01
  1.8000E+01  2.8755E+01  6.2835E+02  1.2120E+01  1.6992E+01 -4.8719E+00 -2.3348E-01
  1.8000E+01  2.8755E+01  6.2835E+02  1.2662E+01  1.8275E+01 -5.6133E+00 -4.4426E-01
  1.8000E+01  2.8755E+01  6.2835E+02  1.2470E+01  1.8807E+01 -6.3374E+00 -7.3189E-01
  1.8000E+01  2.8755E+01  6.2835E+02  9.3747E+00  1.8922E+01 -9.5473E+00 -1.9950E+00
  1.8000E+01  2.8755E+01  6.2835E+02  1.8400E+01  1.8806E+01 -4.0617E-01  1.3589E+00
  1.8000E+01  2.8755E+01  6.2835E+02  1.4095E+01  1.8565E+01 -4.4699E+00 -2.5100E-01
  1.8000E+01  2.8755E+01  6.2835E+02  1.3996E+01  1.8257E+01 -4.2610E+00 -2.6311E-01
  1.8000E+01  2.8755E+01  6.2835E+02  1.6603E+01  1.7915E+01 -1.3124E+00  7.2886E-01
  1.8000E+01  2.8755E+01  6.2835E+02  1.4755E+01  1.7559E+01 -2.8036E+00  9.1461E-02
  1.8000E+01  2.8755E+01  6.2835E+02  1.6253E+01  1.7197E+01 -9.4376E-01  6.7386E-01
  1.8000E+01  2.8755E+01  6.2835E+02  1.2588E+01  1.5781E+01 -3.1926E+00 -4.3443E-01
  1.8000E+01  2.8755E+01  6.2835E+02  1.2801E+01  1.2155E+01  6.4645E-01  2.1928E-01
  1.8000E+01  2.8755E+01  6.2835E+02  1.2319E+01  9.3604E+00  2.9586E+00  5.6677E-01
  1.8000E+01  2.8755E+01  6.2835E+02  1.1550E+01  7.2086E+00  4.3414E+00  7.6734E-01
  1.8000E+01  2.8755E+01  6.2835E+02  8.9685E+00  5.5514E+00  3.4171E+00  4.2253E-01
  1.8000E+01  2.8755E+01  6.2835E+02  6.7483E+00  4.2753E+00  2.4730E+00  1.5067E-01
  1.9000E+01  3.6290E+01  2.5877E+02  0.0000E+00  0.0000E+00  0.0000E+00  0.0000E+00
  1.9000E+01  3.6290E+01  2.5877E+02 -3.2296E-01  0.0000E+00 -3.2296E-01 -7.8196E-02
  1.9000E+01  3.6290E+01  2.5877E+02  1.4465E+01  9.3122E+00  5.1528E+00 -3.0635E-01
  1.9000E+01  3.6290E+01  2.5877E+02  2.6456E+01  1.4310E+01  1.2146E+01  8.6722E-01
  1.9000E+01  3.6290E+01  2.5877E+02  2.9819E+01  1.6892E+01  1.2927E+01  6.2333E-01
  1.9000E+01  3.6290E+01  2.5877E+02  2.8395E+01  1.8123E+01  1.0272E+01 -5.7013E-01
  1.9000E+01  3.6290E+01  2.5877E+02  3.1180E+01  1.8602E+01  1.2578E+01  2.4299E-01
  1.9000E+01  3.6290E+01  2.5877E+02  3.4463E+01  1.8663E+01  1.5800E+01  1.5211E+00
  1.9000E+01  3.6290E+01  2.5877E+02  3.2464E+01  1.8496E+01  1.3968E+01  9.6862E-01
  1.9000E+01  3.6290E+01  2.5877E+02  3.0248E+01  1.8205E+01  1.2043E+01  4.1399E-01
  1.9000E+01  3.6290E+01  2.5877E+02  3.1240E+01  1.7849E+01  1.3391E+01  1.0781E+00
  1.9000E+01  3.6290E+01  2.5877E+02  2.9189E+01  1.7462E+01  1.1727E+01  6.4159E-01
  1.9000E+01  3.6290E+01  2.5877E+02  3.3009E+01  1.7061E+01  1.5948E+01  2.3227E+00
  1.9000E+01  3.6290E+01  2.5877E+02  2.4518E+01  1.6658E+01  7.8596E+00 -4.0258E-01
  1.9000E+01  3.6290E+01  2.5877E+02  2.1881E+01  1.5098E+01  6.7831E+00 -1.5424E-01
  1.9000E+01  3.6290E+01  2.5877E+02  1.3470E+01  1.1202E+01  2.2678E+00 -3.3968E-01
  1.9000E+01  3.6290E+01  2.5877E+02  8.9478E+00  8.3104E+00  6.3736E-01 -1.1926E-01
  1.9000E+01  3.6290E+01  2.5877E+02  5.9032E+00  6.1652E+00 -2.6199E-01  3.5559E-03
  1.9000E+01  3.6290E+01  2.5877E+02  5.0676E+00  4.5737E+00  4.9389E-01  3.9057E-01
  1.9000E+01  3.6290E+01  2.5877E+02  3.2325E+00  3.3931E+00 -1.6055E-01  2.9370E-01
  2.0000E+01  5.5754E+01  5.1637E+02  0.0000E+00  0.0000E+00  0.0000E+00  0.0000E+00
  2.0000E+01  5.5754E+01  5.1637E+02  5.0709E-02  0.0000E+00  5.0709E-02  1.2278E-02
  2.0000E+01  5.5754E+01  5.1637E+02  5.1043E+00  9.3204E+00 -4.2161E+00 -9.7235E-01
  2.0000E+01  5.5754E+01  5.1637E+02  1.1996E+01  1.4337E+01 -2.3412E+00 -2.9769E-01
  2.0000E+01  5.5754E+01  5.1637E+02  1.5094E+01  1.6944E+01 -1.8496E+00 -3.6916E-02
  2.0000E+01  5.5754E+01  5.1637E+02  1.5925E+01  1.8202E+01 -2.2768E+00 -1.3330E-01
  2.0000E+01  5.5754E+01  5.1637E+02  2.0068E+01  1.8708E+01  1.3599E+00  1.2572E+00
  2.0000E+01  5.5754E+01  5.1637E+02  1.3769E+01  1.8797E+01 -5.0279E+00 -1.1121E+00
  2.0000E+01  5.5754E+01  5.1637E+02  1.3709E+01  1.8656E+01 -4.9469E+00 -1.0691E+00
  2.0000E+01  5.5754E+01  5.1637E+02  1.6929E+01  1.8390E+01 -1.4614E+00  2.3488E-01
  2.0000E+01  5.5754E+01  5.1637E+02  1.6226E+01  1.8059E+01 -1.8332E+00  9.6862E-02
  2.0000E+01  5.5754E+01  5.1637E+02  1.3739E+01  1.7695E+01 -3.9563E+00 -6.7919E-01
  2.0000E+01  5.5754E+01  5.1637E+02  1.8221E+01  1.7317E+01  9.0374E-01  1.0793E+00
  2.0000E+01  5.5754E+01  5.1637E+02  1.3661E+01  1.6935E+01 -3.2742E+00 -4.2803E-01
  2.0000E+01  5.5754E+01  5.1637E+02  1.5054E+01  1.5448E+01 -3.9388E-01  5.6135E-01
  2.0000E+01  5.5754E+01  5.1637E+02  9.1650E+00  1.1686E+01 -2.5210E+00 -2.2131E-01
  2.0000E+01  5.5754E+01  5.1637E+02  4.2707E+00  8.8389E+00 -4.5682E+00 -8.7534E-01
  2.0000E+01  5.5754E+01  5.1637E+02  2.5677E+00  6.6855E+00 -4.1178E+00 -7.7386E-01
  2.0000E+01  5.5754E+01  5.1637E+02  1.6778E+00  5.0567E+00 -3.3789E+00 -6.0658E-01
  2.0000E+01  5.5754E+01  5.1637E+02  9.3494E-01  3.8248E+00 -2.8898E+00 -5.1296E-01
  2.1000E+01  4.6637E+01  4.7910E+02  0.0000E+00  0.0000E+00  0.0000E+00  0.0000E+00
  2.1000E+01  4.6637E+01  4.7910E+02 -6.3680E-01  0.0000E+00 -6.3680E-01 -1.5418E-01
  2.1000E+01  4.6637E+01  4.7910E+02  6.3595E+00  9.3047E+00 -2.9452E+00 -7.8564E-01
  2.1000E+01  4.6637E+01  4.7910E+02  1.5855E+01  1.4285E+01  1.5700E+00  6.6236E-01
  2.1000E+01  4.6637E+01  4.7910E+02  1.5698E+01  1.6844E+01 -1.1464E+00 -2.3322E-01
  2.1000E+01  4.6637E+01  4.7910E+02  1.5805E+01  1.8051E+01 -2.2463E+00 -6.3742E-01
  2.1000E+01  4.6637E+01  4.7910E+02  1.6053E+01  1.8505E+01 -2.4520E+00 -7.2490E-01
  2.1000E+01  4.6637E+01  4.7910E+02  1.6503E+01  1.8542E+01 -2.0387E+00 -5.8024E-01
  2.1000E+01  4.6637E+01  4.7910E+02  2.0913E+01  1.8350E+01  2.5628E+00  1.1169E+00
  2.1000E+01  4.6637E+01  4.7910E+02  1.9193E+01  1.8036E+01  1.1570E+00  5.8020E-01
  2.1000E+01  4.6637E+01  4.7910E+02  1.8181E+01  1.7658E+01  5.2268E-01  3.3216E-01
  2.1000E+01  4.6637E+01  4.7910E+02  1.5875E+01  1.7250E+01 -1.3753E+00 -3.6658E-01
  2.1000E+01  4.6637E+01  4.7910E+02  1.8073E+01  1.6830E+01  1.2427E+00  5.5962E-01
  2.1000E+01  4.6637E+01  4.7910E+02  1.6874E+01  1.6409E+01  4.6537E-01  2.6899E-01
  2.1000E+01  4.6637E+01  4.7910E+02  1.3723E+01  1.4784E+01 -1.0610E+00 -2.9434E-01
  2.1000E+01  4.6637E+01  4.7910E+02  7.5339E+00  1.0776E+01 -3.2423E+00 -9.9960E-01
  2.1000E+01  4.6637E+01  4.7910E+02  9.5438E+00  7.8536E+00  1.6902E+00  4.4406E-01
  2.1000E+01  4.6637E+01  4.7910E+02  6.1862E+00  5.7237E+00  4.6248E-01  7.6584E-02
  2.1000E+01  4.6637E+01  4.7910E+02  4.8479E+00  4.1714E+00  6.7646E-01  1.2757E-01
  2.1000E+01  4.6637E+01  4.7910E+02  3.7991E+00  3.0401E+00  7.5897E-01  1.4804E-01
  2.2000E+01  5.5738E+01  4.1705E+02  0.0000E+00  0.0000E+00  0.0000E+00  0.0000E+00
  2.2000E+01  5.5738E+01  4.1705E+02 -3.6637E-01  0.0000E+00 -3.6637E-01 -8.8706E-02
  2.2000E+01  5.5738E+01  4.1705E+02  1.0344E+01  9.3164E+00  1.0276E+00  1.0965E-01
  2.2000E+01  5.5738E+01  4.1705E+02  1.6229E+01  1.4324E+01  1.9051E+00  3.0710E-01
  2.2000E+01  5.5738E+01  4.1705E+02  1.7370E+01  1.6918E+01  4.5174E-01 -2.3136E-01
  2.2000E+01  5.5738E+01  4.1705E+02  1.8243E+01  1.8163E+01  7.9670E-02 -3.7751E-01
  2.2000E+01  5.5738E+01  4.1705E+02  2.4027E+01  1.8656E+01  5.3709E+00  1.6123E+00
  2.2000E+01  5.5738E+01  4.1705E+02  2.1692E+01  1.8732E+01  2.9604E+00  7.5086E-01
  2.2000E+01  5.5738E+01  4.1705E+02  1.8074E+01  1.8578E+01 -5.0357E-01 -5.0162E-01
  2.2000E+01  5.5738E+01  4.1705E+02  1.9617E+01  1.8299E+01  1.3175E+00  2.1867E-01
  2.2000E+01  5.5738E+01  4.1705E+02  1.7450E+01  1.7956E+01 -5.0623E-01 -4.0970E-01
  2.2000E+01  5.5738E+01  4.1705E+02  1.4898E+01  1.7581E+01 -2.6829E+00 -1.1554E+00
  2.2000E+01  5.5738E+01  4.1705E+02  2.0362E+01  1.7192E+01  3.1701E+00  1.0018E+00
  2.2000E+01  5.5738E+01  4.1705E+02  1.4467E+01  1.6800E+01 -2.3325E+00 -9.3049E-01
  2.2000E+01  5.5738E+01  4.1705E+02  1.4981E+01  1.5276E+01 -2.9506E-01 -6.8099E-02
  2.2000E+01  5.5738E+01  4.1705E+02  8.8459E+00  1.1447E+01 -2.6014E+00 -5.4968E-01
  2.2000E+01  5.5738E+01  4.1705E+02  7.6807E+00  8.5769E+00 -8.9622E-01  8.0315E-02
  2.2000E+01  5.5738E+01  4.1705E+02  2.8642E+00  6.4263E+00 -3.5621E+00 -6.3082E-01
  2.2000E+01  5.5738E+01  4.1705E+02  1.9533E+00  4.8149E+00 -2.8616E+00 -4.2860E-01
  2.2000E+01  5.5738E+01  4.1705E+02  1.8236E+00  3.6076E+00 -1.7840E+00 -1.6196E-01
  2.3000E+01  4.1574E+01  4.0915E+02  0.0000E+00  0.0000E+00  0.0000E+00  0.0000E+00
  2.3000E+01  4.1574E+01  4.0915E+02  1.8423E+00  0.0000E+00  1.8423E+00  4.4606E-01
  2.3000E+01  4.1574E+01  4.0915E+02  1.1117E+01  9.3244E+00  1.7926E+00  2.3978E-01
  2.3000E+01  4.1574E+01  4.0915E+02  1.9169E+01  1.4351E+01  4.8184E+00  1.0997E+00
  2.3000E+01  4.1574E+01  4.0915E+02  1.7697E+01  1.6969E+01  7.2798E-01 -3.7267E-01
  2.3000E+01  4.1574E+01  4.0915E+02  2.1983E+01  1.8240E+01  3.7425E+00  6.8453E-01
  2.3000E+01  4.1574E+01  4.0915E+02  2.2164E+01  1.8760E+01  3.4036E+00  5.6023E-01
  2.3000E+01  4.1574E+01  4.0915E+02  1.7968E+01  1.8863E+01 -8.9471E-01 -1.0401E+00
  2.3000E+01  4.1574E+01  4.0915E+02  2.1914E+01  1.8735E+01  3.1791E+00  5.0647E-01
  2.3000E+01  4.1574E+01  4.0915E+02  2.2512E+01  1.8482E+01  4.0299E+00  8.4414E-01
  2.3000E+01  4.1574E+01  4.0915E+02  2.0095E+01  1.8163E+01  1.9319E+00  8.9880E-02
  2.3000E+01  4.1574E+01  4.0915E+02  1.9219E+01  1.7811E+01  1.4080E+00 -7.5475E-02
  2.3000E+01  4.1574E+01  4.0915E+02  1.8926E+01  1.7444E+01  1.4820E+00 -2.1293E-02
  2.3000E+01  4.1574E+01  4.0915E+02  1.6634E+01  1.7072E+01 -4.3850E-01 -6.8400E-01
  2.3000E+01  4.1574E+01  4.0915E+02  1.5448E+01  1.5622E+01 -1.7430E-01 -4.7439E-01
  2.3000E+01  4.1574E+01  4.0915E+02  1.0097E+01  1.1931E+01 -1.8336E+00 -7.6279E-01
  2.3000E+01  4.1574E+01  4.0915E+02  1.0283E+01  9.1100E+00  1.1730E+00  2.8308E-01
  2.3000E+01  4.1574E+01  4.0915E+02  7.5491E+00  6.9562E+00  5.9289E-01  1.7136E-01
  2.3000E+01  4.1574E+01  4.0915E+02  7.1956E+00  5.3116E+00  1.8840E+00  5.4882E-01
  2.3000E+01  4.1574E+01  4.0915E+02  5.4852E+00  4.0559E+00  1.4293E+00  4.3254E-01
  2.4000E+01  5.9917E+01  2.9755E+02  0.0000E+00  0.0000E+00  0.0000E+00  0.0000E+00
  2.4000E+01  5.9917E+01  2.9755E+02 -6.2445E-01  0.0000E+00 -6.2445E-01 -1.5119E-01
  2.4000E+01  5.9917E+01  2.9755E+02  1.3398E+01  9.3206E+00  4.0774E+00  2.0946E-01
  2.4000E+01  5.9917E+01  2.9755E+02  2.0635E+01  1.4338E+01  6.2971E+00  3.8555E-01
  2.4000E+01  5.9917E+01  2.9755E+02  2.4592E+01  1.6945E+01  7.6471E+00  6.0742E-01
  2.4000E+01  5.9917E+01  2.9755E+02  2.9019E+01  1.8204E+01  1.0815E+01  1.7050E+00
  2.4000E+01  5.9917E+01  2.9755E+02  2.7174E+01  1.8711E+01  8.4632E+00  8.7758E-01
  2.4000E+01  5.9917E+01  2.9755E+02  2.4045E+01  1.8800E+01  5.2447E+00 -2.3651E-01
  2.4000E+01  5.9917E+01  2.9755E+02  2.5106E+01  1.8660E+01  6.4459E+00  3.3308E-01
  2.4000E+01  5.9917E+01  2.9755E+02  2.6261E+01  1.8395E+01  7.8658E+00  9.9208E-01
  2.4000E+01  5.9917E+01  2.9755E+02  2.1333E+01  1.8065E+01  3.2684E+00 -5.6924E-01
  2.4000E+01  5.9917E+01  2.9755E+02  2.4573E+01  1.7701E+01  6.8716E+00  8.8709E-01
  2.4000E+01  5.9917E+01  2.9755E+02  1.6318E+01  1.7324E+01 -1.0059E+00 -1.8319E+00
  2.4000E+01  5.9917E+01  2.9755E+02  2.2964E+01  1.6942E+01  6.0216E+00  8.2691E-01
  2.4000E+01  5.9917E+01  2.9755E+02  1.4390E+01  1.5457E+01 -1.0670E+00 -1.1943E+00
  2.4000E+01  5.9917E+01  2.9755E+02  8.9000E+00  1.1699E+01 -2.7987E+00 -7.6891E-01
  2.4000E+01  5.9917E+01  2.9755E+02  4.1904E+00  8.8530E+00 -4.6626E+00 -8.2574E-01
  2.4000E+01  5.9917E+01  2.9755E+02  2.2517E+00  6.6995E+00 -4.4478E+00 -5.2574E-01
  2.4000E+01  5.9917E+01  2.9755E+02  8.9925E-01  5.0698E+00 -4.1706E+00 -3.6583E-01
  2.4000E+01  5.9917E+01  2.9755E+02 -7.6163E-01  3.8366E+00 -4.5982E+00 -4.7546E-01
  2.5000E+01  5.1598E+01  2.6419E+02  0.0000E+00  0.0000E+00  0.0000E+00  0.0000E+00
  2.5000E+01  5.1598E+01  2.6419E+02 -2.7706E-01  0.0000E+00 -2.7706E-01 -6.7083E-02
  2.5000E+01  5.1598E+01  2.6419E+02  1.4937E+01  9.3213E+00  5.6157E+00  2.2602E-01
  2.5000E+01  5.1598E+01  2.6419E+02  2.2370E+01  1.4340E+01  8.0299E+00  1.9625E-01
  2.5000E+01  5.1598E+01  2.6419E+02  2.7784E+01  1.6949E+01  1.0835E+01  7.7117E-01
  2.5000E+01  5.1598E+01  2.6419E+02  3.3748E+01  1.8210E+01  1.5538E+01  2.3666E+00
  2.5000E+01  5.1598E+01  2.6419E+02  3.0535E+01  1.8719E+01  1.1816E+01  1.0114E+00
  2.5000E+01  5.1598E+01  2.6419E+02  2.8792E+01  1.8811E+01  9.9813E+00  4.1687E-01
  2.5000E+01  5.1598E+01  2.6419E+02  2.7233E+01  1.8673E+01  8.5605E+00  2.0807E-02
  2.5000E+01  5.1598E+01  2.6419E+02  2.7830E+01  1.8410E+01  9.4204E+00  4.9750E-01
  2.5000E+01  5.1598E+01  2.6419E+02  2.9673E+01  1.8081E+01  1.1592E+01  1.4585E+00
  2.5000E+01  5.1598E+01  2.6419E+02  2.3075E+01  1.7720E+01  5.3554E+00 -6.6341E-01
  2.5000E+01  5.1598E+01  2.6419E+02  2.5532E+01  1.7344E+01  8.1882E+00  5.2896E-01
  2.5000E+01  5.1598E+01  2.6419E+02  1.8616E+01  1.6964E+01  1.6520E+00 -1.6570E+00
  2.5000E+01  5.1598E+01  2.6419E+02  1.8537E+01  1.5484E+01  3.0526E+00 -5.5770E-01
  2.5000E+01  5.1598E+01  2.6419E+02  1.1197E+01  1.1737E+01 -5.3998E-01 -5.3971E-01
  2.5000E+01  5.1598E+01  2.6419E+02  6.9259E+00  8.8952E+00 -1.9693E+00 -3.3226E-01
  2.5000E+01  5.1598E+01  2.6419E+02  4.4351E+00  6.7415E+00 -2.3064E+00 -1.0892E-01
  2.5000E+01  5.1598E+01  2.6419E+02  5.6404E-01  5.1093E+00 -4.5453E+00 -5.7296E-01
  2.5000E+01  5.1598E+01  2.6419E+02  1.3267E+00  3.8722E+00 -2.5455E+00  1.1748E-03
  2.6000E+01  6.6840E+01  3.5116E+02  0.0000E+00  0.0000E+00  0.0000E+00  0.0000E+00
  2.6000E+01  6.6840E+01  3.5116E+02  1.5077E+00  0.0000E+00  1.5077E+00  3.6505E-01
  2.6000E+01  6.6840E+01  3.5116E+02  1.4251E+01  9.3007E+00  4.9503E+00  8.6202E-01
  2.6000E+01  6.6840E+01  3.5116E+02  1.8683E+01  1.4272E+01  4.4111E+00  4.5036E-01
  2.6000E+01  6.6840E+01  3.5116E+02  2.1009E+01  1.6820E+01  4.1894E+00  2.5195E-01
  2.6000E+01  6.6840E+01  3.5116E+02  2.0798E+01  1.8014E+01  2.7843E+00 -2.8256E-01
  2.6000E+01  6.6840E+01  3.5116E+02  2.4266E+01  1.8454E+01  5.8117E+00  8.7877E-01
  2.6000E+01  6.6840E+01  3.5116E+02  2.2509E+01  1.8478E+01  4.0308E+00  2.9768E-01
  2.6000E+01  6.6840E+01  3.5116E+02  2.5867E+01  1.8274E+01  7.5928E+00  1.7101E+00
  2.6000E+01  6.6840E+01  3.5116E+02  1.6664E+01  1.7948E+01 -1.2840E+00 -1.4566E+00
  2.6000E+01  6.6840E+01  3.5116E+02  1.6596E+01  1.7559E+01 -9.6305E-01 -1.2222E+00
  2.6000E+01  6.6840E+01  3.5116E+02  2.1713E+01  1.7140E+01  4.5727E+00  8.8072E-01
  2.6000E+01  6.6840E+01  3.5116E+02  1.7280E+01  1.6710E+01  5.6980E-01 -4.5497E-01
  2.6000E+01  6.6840E+01  3.5116E+02  1.8856E+01  1.6279E+01  2.5770E+00  3.4703E-01
  2.6000E+01  6.6840E+01  3.5116E+02  1.4259E+01  1.4622E+01 -3.6280E-01 -3.4744E-01
  2.6000E+01  6.6840E+01  3.5116E+02  8.3436E+00  1.0559E+01 -2.2153E+00 -3.3672E-01
  2.6000E+01  6.6840E+01  3.5116E+02  2.7162E+00  7.6238E+00 -4.9076E+00 -8.5164E-01
  2.6000E+01  6.6840E+01  3.5116E+02 -2.2647E-01  5.5046E+00 -5.7311E+00 -9.6677E-01
  2.6000E+01  6.6840E+01  3.5116E+02  9.1058E-01  3.9745E+00 -3.0639E+00 -2.4722E-01
  2.6000E+01  6.6840E+01  3.5116E+02 -7.6718E-01  2.8697E+00 -3.6369E+00 -4.3640E-01
  2.7000E+01  4.6374E+01  6.4083E+02  0.0000E+00  0.0000E+00  0.0000E+00  0.0000E+00
  2.7000E+01  4.6374E+01  6.4083E+02 -6.5115E-01  0.0000E+00 -6.5115E-01 -1.5766E-01
  2.7000E+01  4.6374E+01  6.4083E+02  3.3680E+00  9.3068E+00 -5.9388E+00 -1.0520E+00
  2.7000E+01  4.6374E+01  6.4083E+02  6.4658E+00  1.4292E+01 -7.8261E+00 -1.3916E+00
  2.7000E+01  4.6374E+01  6.4083E+02  1.3054E+01  1.6858E+01 -3.8035E+00  1.5516E-01
  2.7000E+01  4.6374E+01  6.4083E+02  1.4153E+01  1.8071E+01 -3.9181E+00  2.0045E-01
  2.7000E+01  4.6374E+01  6.4083E+02  1.4996E+01  1.8532E+01 -3.5357E+00  3.4949E-01
  2.7000E+01  4.6374E+01  6.4083E+02  1.1168E+01  1.8575E+01 -7.4073E+00 -1.1304E+00
  2.7000E+01  4.6374E+01  6.4083E+02  1.4822E+01  1.8390E+01 -3.5684E+00  2.3705E-01
  2.7000E+01  4.6374E+01  6.4083E+02  1.0910E+01  1.8083E+01 -7.1725E+00 -1.1627E+00
  2.7000E+01  4.6374E+01  6.4083E+02  1.3886E+01  1.7711E+01 -3.8249E+00 -6.3287E-03
  2.7000E+01  4.6374E+01  6.4083E+02  1.3911E+01  1.7309E+01 -3.3976E+00  7.2590E-02
  2.7000E+01  4.6374E+01  6.4083E+02  1.5853E+01  1.6894E+01 -1.0411E+00  8.3958E-01
  2.7000E+01  4.6374E+01  6.4083E+02  1.0218E+01  1.6477E+01 -6.2595E+00 -1.0838E+00
  2.7000E+01  4.6374E+01  6.4083E+02  1.5392E+01  1.4870E+01  5.2163E-01  1.0096E+00
  2.7000E+01  4.6374E+01  6.4083E+02  9.4992E+00  1.0893E+01 -1.3934E+00 -1.5409E-01
  2.7000E+01  4.6374E+01  6.4083E+02  8.5407E+00  7.9777E+00  5.6302E-01  1.6303E-01
  2.7000E+01  4.6374E+01  6.4083E+02  7.5509E+00  5.8428E+00  1.7081E+00  3.4064E-01
  2.7000E+01  4.6374E+01  6.4083E+02  2.4598E+00  4.2792E+00 -1.8194E+00 -6.5761E-01
  2.7000E+01  4.6374E+01  6.4083E+02  2.6450E+00  3.1341E+00 -4.8910E-01 -3.1605E-01
  2.8000E+01  3.4959E+01  4.5388E+02  0.0000E+00  0.0000E+00  0.0000E+00  0.0000E+00
  2.8000E+01  3.4959E+01  4.5388E+02  1.4284E+00  0.0000E+00  1.4284E+00  3.4585E-01
  2.8000E+01  3.4959E+01  4.5388E+02  9.3231E+00  9.3259E+00 -2.8212E-03 -6.1584E-02
  2.8000E+01  3.4959E+01  4.5388E+02  1.6756E+01  1.4356E+01  2.4004E+00  6.8761E-01
  2.8000E+01  3.4959E+01  4.5388E+02  1.3775E+01  1.6978E+01 -3.2034E+00 -1.2882E+00
  2.8000E+01  3.4959E+01  4.5388E+02  1.6927E+01  1.8255E+01 -1.3278E+00 -6.6378E-01
  2.8000E+01  3.4959E+01  4.5388E+02  1.9989E+01  1.8780E+01  1.2093E+00  2.5895E-01
  2.8000E+01  3.4959E+01  4.5388E+02  2.1599E+01  1.8887E+01  2.7119E+00  8.1135E-01
  2.8000E+01  3.4959E+01  4.5388E+02  1.8851E+01  1.8764E+01  8.6798E-02 -1.8403E-01
  2.8000E+01  3.4959E+01  4.5388E+02  2.1585E+01  1.8516E+01  3.0689E+00  9.1807E-01
  2.8000E+01  3.4959E+01  4.5388E+02  2.0916E+01  1.8202E+01  2.7143E+00  7.7218E-01
  2.8000E+01  3.4959E+01  4.5388E+02  1.9287E+01  1.7854E+01  1.4331E+00  2.8958E-01
  2.8000E+01  3.4959E+01  4.5388E+02  1.7002E+01  1.7491E+01 -4.8904E-01 -4.1627E-01
  2.8000E+01  3.4959E+01  4.5388E+02  1.4303E+01  1.7124E+01 -2.8205E+00 -1.2554E+00
  2.8000E+01  3.4959E+01  4.5388E+02  1.7097E+01  1.5687E+01  1.4098E+00  2.3729E-01
  2.8000E+01  3.4959E+01  4.5388E+02  1.3476E+01  1.2022E+01  1.4538E+00  2.0978E-01
  2.8000E+01  3.4959E+01  4.5388E+02  1.2928E+01  9.2122E+00  3.7158E+00  8.6664E-01
  2.8000E+01  3.4959E+01  4.5388E+02  8.7864E+00  7.0589E+00  1.7275E+00  2.8244E-01
  2.8000E+01  3.4959E+01  4.5388E+02  5.1249E+00  5.4090E+00 -2.8410E-01 -2.5168E-01
  2.8000E+01  3.4959E+01  4.5388E+02  5.3580E+00  4.1447E+00  1.2133E+00  1.6969E-01
  2.9000E+01  6.4797E+01  2.8114E+02  0.0000E+00  0.0000E+00  0.0000E+00  0.0000E+00
  2.9000E+01  6.4797E+01  2.8114E+02  4.5896E-01  0.0000E+00  4.5896E-01  1.1112E-01
  2.9000E+01  6.4797E+01  2.8114E+02  1.3233E+01  9.3158E+00  3.9172E+00  7.6521E-02
  2.9000E+01  6.4797E+01  2.8114E+02  2.0211E+01  1.4322E+01  5.8892E+00  1.0437E-01
  2.9000E+01  6.4797E+01  2.8114E+02  2.7355E+01  1.6914E+01  1.0441E+01  1.4231E+00
  2.9000E+01  6.4797E+01  2.8114E+02  2.7990E+01  1.8157E+01  9.8327E+00  1.1560E+00
  2.9000E+01  6.4797E+01  2.8114E+02  3.0221E+01  1.8648E+01  1.1573E+01  1.8536E+00
  2.9000E+01  6.4797E+01  2.8114E+02  2.8341E+01  1.8721E+01  9.6197E+00  1.2293E+00
  2.9000E+01  6.4797E+01  2.8114E+02  2.7167E+01  1.8565E+01  8.6017E+00  9.8049E-01
  2.9000E+01  6.4797E+01  2.8114E+02  1.9954E+01  1.8285E+01  1.6688E+00 -1.4420E+00
  2.9000E+01  6.4797E+01  2.8114E+02  1.9986E+01  1.7940E+01  2.0459E+00 -1.1377E+00
  2.9000E+01  6.4797E+01  2.8114E+02  2.2995E+01  1.7563E+01  5.4320E+00  2.5502E-01
  2.9000E+01  6.4797E+01  2.8114E+02  1.9826E+01  1.7172E+01  2.6537E+00 -5.9951E-01
  2.9000E+01  6.4797E+01  2.8114E+02  2.0826E+01  1.6778E+01  4.0478E+00  4.3983E-02
  2.9000E+01  6.4797E+01  2.8114E+02  1.5063E+01  1.5249E+01 -1.8616E-01 -9.1645E-01
  2.9000E+01  6.4797E+01  2.8114E+02  7.3069E+00  1.1410E+01 -4.1032E+00 -1.1263E+00
  2.9000E+01  6.4797E+01  2.8114E+02  5.1684E+00  8.5364E+00 -3.3680E+00 -3.8288E-01
  2.9000E+01  6.4797E+01  2.8114E+02  8.8218E-01  6.3864E+00 -5.5042E+00 -7.5543E-01
  2.9000E+01  6.4797E+01  2.8114E+02  2.9423E+00  4.7779E+00 -1.8356E+00  3.0645E-01
  2.9000E+01  6.4797E+01  2.8114E+02 -2.7838E+00  3.5745E+00 -6.3583E+00 -8.9599E-01
  3.0000E+01  2.7160E+01  3.2835E+02  0.0000E+00  0.0000E+00  0.0000E+00  0.0000E+00
  3.0000E+01  2.7160E+01  3.2835E+02 -9.0287E-01  0.0000E+00 -9.0287E-01 -2.1861E-01
  3.0000E+01  2.7160E+01  3.2835E+02  1.7451E+01  9.3422E+00  8.1088E+00  1.3448E+00
  3.0000E+01  2.7160E+01  3.2835E+02  2.4578E+01  1.4410E+01  1.0168E+01  1.5511E+00
  3.0000E+01  2.7160E+01  3.2835E+02  2.4207E+01  1.7082E+01  7.1251E+00  2.1359E-01
  3.0000E+01  2.7160E+01  3.2835E+02  2.2163E+01  1.8412E+01  3.7506E+00 -1.2009E+00
  3.0000E+01  2.7160E+01  3.2835E+02  2.4877E+01  1.8993E+01  5.8839E+00 -4.8029E-01
  3.0000E+01  2.7160E+01  3.2835E+02  2.6577E+01  1.9156E+01  7.4208E+00  1.0094E-01
  3.0000E+01  2.7160E+01  3.2835E+02  2.7905E+01  1.9088E+01  8.8170E+00  6.6630E-01
  3.0000E+01  2.7160E+01  3.2835E+02  2.4001E+01  1.8893E+01  5.1081E+00 -6.7339E-01
  3.0000E+01  2.7160E+01  3.2835E+02  2.6700E+01  1.8630E+01  8.0705E+00  5.0321E-01
  3.0000E+01  2.7160E+01  3.2835E+02  2.7140E+01  1.8331E+01  8.8092E+00  8.4339E-01
  3.0000E+01  2.7160E+01  3.2835E+02  2.9381E+01  1.8015E+01  1.1366E+01  1.8476E+00
  3.0000E+01  2.7160E+01  3.2835E+02  2.6894E+01  1.7692E+01  9.2016E+00  1.1142E+00
  3.0000E+01  2.7160E+01  3.2835E+02  1.8749E+01  1.6416E+01  2.3326E+00 -1.0821E+00
  3.0000E+01  2.7160E+01  3.2835E+02  1.8435E+01  1.3073E+01  5.3619E+00  5.7635E-01
  3.0000E+01  2.7160E+01  3.2835E+02  1.5779E+01  1.0409E+01  5.3696E+00  9.3519E-01
  3.0000E+01  2.7160E+01  3.2835E+02  8.8467E+00  8.2884E+00  5.5832E-01 -2.3480E-01
  3.0000E+01  2.7160E+01  3.2835E+02  6.6639E+00  6.5996E+00  6.4346E-02 -1.8755E-01
  3.0000E+01  2.7160E+01  3.2835E+02  8.8855E+00  5.2548E+00  3.6307E+00  8.9438E-01
  3.1000E+01  6.3063E+01  1.9701E+02  0.0000E+00  0.0000E+00  0.0000E+00  0.0000E+00
  3.1000E+01  6.3063E+01  1.9701E+02 -1.7821E+00  0.0000E+00 -1.7821E+00 -4.3149E-01
  3.1000E+01  6.3063E+01  1.9701E+02  1.8485E+01  9.3431E+00  9.1419E+00  8.3825E-01
  3.1000E+01  6.3063E+01  1.9701E+02  3.3277E+01  1.4413E+01  1.8864E+01  3.0529E+00
  3.1000E+01  6.3063E+01  1.9701E+02  3.6978E+01  1.7087E+01  1.9891E+01  3.0504E+00
  3.1000E+01  6.3063E+01  1.9701E+02  3.7037E+01  1.8421E+01  1.8616E+01  2.4584E+00
  3.1000E+01  6.3063E+01  1.9701E+02  3.6272E+01  1.9005E+01  1.7267E+01  1.9706E+00
  3.1000E+01  6.3063E+01  1.9701E+02  3.4936E+01  1.9171E+01  1.5765E+01  1.5099E+00
  3.1000E+01  6.3063E+01  1.9701E+02  3.0204E+01  1.9105E+01  1.1099E+01 -9.4700E-02
  3.1000E+01  6.3063E+01  1.9701E+02  2.9828E+01  1.8913E+01  1.0915E+01  2.7003E-02
  3.1000E+01  6.3063E+01  1.9701E+02  2.7691E+01  1.8653E+01  9.0385E+00 -4.7079E-01
  3.1000E+01  6.3063E+01  1.9701E+02  2.5313E+01  1.8356E+01  6.9565E+00 -1.0328E+00
  3.1000E+01  6.3063E+01  1.9701E+02  2.3014E+01  1.8043E+01  4.9708E+00 -1.5508E+00
  3.1000E+01  6.3063E+01  1.9701E+02  2.1266E+01  1.7723E+01  3.5428E+00 -1.8600E+00
  3.1000E+01  6.3063E+01  1.9701E+02  2.0363E+01  1.6456E+01  3.9069E+00 -9.5315E-01
  3.1000E+01  6.3063E+01  1.9701E+02  1.1131E+01  1.3131E+01 -2.0005E+00 -1.2840E+00
  3.1000E+01  6.3063E+01  1.9701E+02  6.9905E+00  1.0477E+01 -3.4866E+00 -7.5653E-01
  3.1000E+01  6.3063E+01  1.9701E+02  3.9159E+00  8.3594E+00 -4.4435E+00 -4.7779E-01
  3.1000E+01  6.3063E+01  1.9701E+02  1.6638E+00  6.6696E+00 -5.0058E+00 -3.3725E-01
  3.1000E+01  6.3063E+01  1.9701E+02  1.7494E+00  5.3215E+00 -3.5721E+00  1.8646E-01
  3.2000E+01  4.7610E+01  5.5272E+02  0.0000E+00  0.0000E+00  0.0000E+00  0.0000E+00
  3.2000E+01  4.7610E+01  5.5272E+02  1.0018E+00  0.0000E+00  1.0018E+00  2.4256E-01
  3.2000E+01  4.7610E+01  5.5272E+02  8.0357E+00  9.3164E+00 -1.2807E+00  6.8029E-03
  3.2000E+01  4.7610E+01  5.5272E+02  1.2708E+01  1.4324E+01 -1.6159E+00  1.3318E-01
  3.2000E+01  4.7610E+01  5.5272E+02  1.0325E+01  1.6918E+01 -6.5933E+00 -1.4986E+00
  3.2000E+01  4.7610E+01  5.5272E+02  1.4064E+01  1.8163E+01 -4.0993E+00 -5.7591E-01
  3.2000E+01  4.7610E+01  5.5272E+02  1.5101E+01  1.8656E+01 -3.5551E+00 -3.6569E-01
  3.2000E+01  4.7610E+01  5.5272E+02  1.3224E+01  1.8732E+01 -5.5076E+00 -1.1049E+00
  3.2000E+01  4.7610E+01  5.5272E+02  1.9117E+01  1.8578E+01  5.3943E-01  1.1315E+00
  3.2000E+01  4.7610E+01  5.5272E+02  2.0069E+01  1.8299E+01  1.7695E+00  1.5519E+00
  3.2000E+01  4.7610E+01  5.5272E+02  1.5564E+01  1.7956E+01 -2.3922E+00 -1.8595E-02
  3.2000E+01  4.7610E+01  5.5272E+02  1.6481E+01  1.7581E+01 -1.0999E+00  4.2024E-01
  3.2000E+01  4.7610E+01  5.5272E+02  1.0801E+01  1.7192E+01 -6.3909E+00 -1.5186E+00
  3.2000E+01  4.7610E+01  5.5272E+02  1.3857E+01  1.6800E+01 -2.9425E+00 -3.0527E-01
  3.2000E+01  4.7610E+01  5.5272E+02  1.6993E+01  1.5276E+01  1.7169E+00  1.1933E+00
  3.2000E+01  4.7610E+01  5.5272E+02  8.5125E+00  1.1447E+01 -2.9348E+00 -5.9006E-01
  3.2000E+01  4.7610E+01  5.5272E+02  6.1176E+00  8.5769E+00 -2.4593E+00 -5.4955E-01
  3.2000E+01  4.7610E+01  5.5272E+02  4.8748E+00  6.4263E+00 -1.5515E+00 -3.5461E-01
  3.2000E+01  4.7610E+01  5.5272E+02  4.6135E+00  4.8149E+00 -2.0143E-01 -3.0821E-02
  3.2000E+01  4.7610E+01  5.5272E+02  3.4718E+00  3.6076E+00 -1.3581E-01 -4.0867E-02
  3.3000E+01  4.7619E+01  9.3192E+02  0.0000E+00  0.0000E+00  0.0000E+00  0.0000E+00
  3.3000E+01  4.7619E+01  9.3192E+02 -9.3861E-01  0.0000E+00 -9.3861E-01 -2.2726E-01
  3.3000E+01  4.7619E+01  9.3192E+02  1.8521E+00  9.3196E+00 -7.4675E+00 -9.0617E-01
  3.3000E+01  4.7619E+01  9.3192E+02  6.3132E+00  1.4334E+01 -8.0212E+00 -4.0949E-01
  3.3000E+01  4.7619E+01  9.3192E+02  7.0153E+00  1.6938E+01 -9.9229E+00 -6.8674E-01
  3.3000E+01  4.7619E+01  9.3192E+02  8.8027E+00  1.8194E+01 -9.3910E+00 -3.2559E-01
  3.3000E+01  4.7619E+01  9.3192E+02  8.9689E+00  1.8697E+01 -9.7282E+00 -4.0852E-01
  3.3000E+01  4.7619E+01  9.3192E+02  8.7293E+00  1.8783E+01 -1.0054E+01 -5.6382E-01
  3.3000E+01  4.7619E+01  9.3192E+02  1.1263E+01  1.8639E+01 -7.3764E+00  3.6239E-01
  3.3000E+01  4.7619E+01  9.3192E+02  8.1273E+00  1.8371E+01 -1.0244E+01 -7.9960E-01
  3.3000E+01  4.7619E+01  9.3192E+02  1.1378E+01  1.8037E+01 -6.6594E+00  4.1913E-01
  3.3000E+01  4.7619E+01  9.3192E+02  8.3773E+00  1.7671E+01 -9.2939E+00 -6.5339E-01
  3.3000E+01  4.7619E+01  9.3192E+02  9.0420E+00  1.7291E+01 -8.2488E+00 -3.7845E-01
  3.3000E+01  4.7619E+01  9.3192E+02  7.2758E+00  1.6906E+01 -9.6307E+00 -9.7431E-01
  3.3000E+01  4.7619E+01  9.3192E+02  7.8119E+00  1.5411E+01 -7.5996E+00 -6.2108E-01
  3.3000E+01  4.7619E+01  9.3192E+02  9.6615E+00  1.1635E+01 -1.9737E+00  3.9966E-01
  3.3000E+01  4.7619E+01  9.3192E+02  5.2489E+00  8.7830E+00 -3.5341E+00 -5.5639E-01
  3.3000E+01  4.7619E+01  9.3192E+02  3.4234E+00  6.6300E+00 -3.2066E+00 -7.2051E-01
  3.3000E+01  4.7619E+01  9.3192E+02  4.2412E+00  5.0048E+00 -7.6357E-01 -2.0412E-01
  3.3000E+01  4.7619E+01  9.3192E+02  3.5735E+00  3.7779E+00 -2.0443E-01 -1.4298E-01
  3.4000E+01  3.8762E+01  6.0925E+02  0.0000E+00  0.0000E+00  0.0000E+00  0.0000E+00
  3.4000E+01  3.8762E+01  6.0925E+02  1.2388E-01  0.0000E+00  1.2388E-01  2.9994E-02
  3.4000E+01  3.8762E+01  6.0925E+02  8.0261E+00  9.3392E+00 -1.3131E+00  2.1280E-01
  3.4000E+01  3.8762E+01  6.0925E+02  1.0579E+01  1.4400E+01 -3.8209E+00 -2.2146E-01
  3.4000E+01  3.8762E+01  6.0925E+02  1.0939E+01  1.7063E+01 -6.1236E+00 -8.5300E-01
  3.4000E+01  3.8762E+01  6.0925E+02  1.5004E+01  1.8383E+01 -3.3790E+00  2.2700E-01
  3.4000E+01  3.8762E+01  6.0925E+02  1.5191E+01  1.8953E+01 -3.7623E+00  1.1826E-01
  3.4000E+01  3.8762E+01  6.0925E+02  1.4960E+01  1.9106E+01 -4.1460E+00 -3.1532E-02
  3.4000E+01  3.8762E+01  6.0925E+02  1.5977E+01  1.9027E+01 -3.0505E+00  3.5558E-01
  3.4000E+01  3.8762E+01  6.0925E+02  1.3207E+01  1.8822E+01 -5.6154E+00 -6.4471E-01
  3.4000E+01  3.8762E+01  6.0925E+02  1.2856E+01  1.8549E+01 -5.6934E+00 -7.1098E-01
  3.4000E+01  3.8762E+01  6.0925E+02  1.4392E+01  1.8241E+01 -3.8493E+00 -6.7416E-02
  3.4000E+01  3.8762E+01  6.0925E+02  1.6188E+01  1.7917E+01 -1.7286E+00  6.6658E-01
  3.4000E+01  3.8762E+01  6.0925E+02  1.1270E+01  1.7585E+01 -6.3154E+00 -1.0499E+00
  3.4000E+01  3.8762E+01  6.0925E+02  1.1940E+01  1.6279E+01 -4.3386E+00 -4.8065E-01
  3.4000E+01  3.8762E+01  6.0925E+02  1.0470E+01  1.2871E+01 -2.4015E+00 -1.6981E-01
  3.4000E+01  3.8762E+01  6.0925E+02  1.0209E+01  1.0176E+01  3.2869E-02  3.4525E-01
  3.4000E+01  3.8762E+01  6.0925E+02  6.1807E+00  8.0452E+00 -1.8645E+00 -3.6515E-01
  3.4000E+01  3.8762E+01  6.0925E+02  3.8115E+00  6.3605E+00 -2.5490E+00 -6.3681E-01
  3.4000E+01  3.8762E+01  6.0925E+02  6.3227E+00  5.0286E+00  1.2941E+00  3.5075E-01
  3.5000E+01  6.5738E+01  3.2899E+02  0.0000E+00  0.0000E+00  0.0000E+00  0.0000E+00
  3.5000E+01  6.5738E+01  3.2899E+02  8.1160E-01  0.0000E+00  8.1160E-01  1.9651E-01
  3.5000E+01  6.5738E+01  3.2899E+02  1.2032E+01  9.3244E+00  2.7076E+00  1.8654E-01
  3.5000E+01  6.5738E+01  3.2899E+02  1.8392E+01  1.4351E+01  4.0414E+00  2.9520E-01
  3.5000E+01  6.5738E+01  3.2899E+02  2.2469E+01  1.6969E+01  5.5000E+00  6.6776E-01
  3.5000E+01  6.5738E+01  3.2899E+02  2.7565E+01  1.8240E+01  9.3245E+00  2.0565E+00
  3.5000E+01  6.5738E+01  3.2899E+02  2.4711E+01  1.8760E+01  5.9506E+00  8.5561E-01
  3.5000E+01  6.5738E+01  3.2899E+02  2.2949E+01  1.8863E+01  4.0863E+00  2.2811E-01
  3.5000E+01  6.5738E+01  3.2899E+02  2.2404E+01  1.8735E+01  3.6691E+00  1.5975E-01
  3.5000E+01  6.5738E+01  3.2899E+02  2.3093E+01  1.8482E+01  4.6109E+00  6.0562E-01
  3.5000E+01  6.5738E+01  3.2899E+02  2.2574E+01  1.8163E+01  4.4109E+00  6.2569E-01
  3.5000E+01  6.5738E+01  3.2899E+02  1.5325E+01  1.7811E+01 -2.4860E+00 -1.8039E+00
  3.5000E+01  6.5738E+01  3.2899E+02  1.9093E+01  1.7444E+01  1.6490E+00 -1.9507E-01
  3.5000E+01  6.5738E+01  3.2899E+02  1.4554E+01  1.7072E+01 -2.5185E+00 -1.5976E+00
  3.5000E+01  6.5738E+01  3.2899E+02  1.4750E+01  1.5622E+01 -8.7230E-01 -6.5461E-01
  3.5000E+01  6.5738E+01  3.2899E+02  9.6497E+00  1.1931E+01 -2.2809E+00 -4.4032E-01
  3.5000E+01  6.5738E+01  3.2899E+02  2.5588E+00  9.1100E+00 -6.5512E+00 -1.3687E+00
  3.5000E+01  6.5738E+01  3.2899E+02  3.3053E+00  6.9562E+00 -3.6509E+00 -3.6186E-01
  3.5000E+01  6.5738E+01  3.2899E+02  3.1394E+00  5.3116E+00 -2.1722E+00  8.4387E-02
  3.5000E+01  6.5738E+01  3.2899E+02  1.0777E+00  4.0559E+00 -2.9782E+00 -1.4746E-01
  3.6000E+01  3.2100E+01  7.1634E+02  0.0000E+00  0.0000E+00  0.0000E+00  0.0000E+00
  3.6000E+01  3.2100E+01  7.1634E+02  2.8034E-01  0.0000E+00  2.8034E-01  6.7877E-02
  3.6000E+01  3.2100E+01  7.1634E+02  4.4857E+00  9.3332E+00 -4.8475E+00 -5.1249E-01
  3.6000E+01  3.2100E+01  7.1634E+02  5.8377E+00  1.4380E+01 -8.5421E+00 -1.2486E+00
  3.6000E+01  3.2100E+01  7.1634E+02  8.4950E+00  1.7024E+01 -8.5294E+00 -1.0389E+00
  3.6000E+01  3.2100E+01  7.1634E+02  1.2838E+01  1.8325E+01 -5.4868E+00  1.6804E-01
  3.6000E+01  3.2100E+01  7.1634E+02  9.6088E+00  1.8874E+01 -9.2656E+00 -1.2267E+00
  3.6000E+01  3.2100E+01  7.1634E+02  1.4801E+01  1.9006E+01 -4.2054E+00  6.3483E-01
  3.6000E+01  3.2100E+01  7.1634E+02  1.6512E+01  1.8908E+01 -2.3957E+00  1.2450E+00
  3.6000E+01  3.2100E+01  7.1634E+02  1.5501E+01  1.8683E+01 -3.1819E+00  8.6064E-01
  3.6000E+01  3.2100E+01  7.1634E+02  1.1642E+01  1.8391E+01 -6.7489E+00 -5.5936E-01
  3.6000E+01  3.2100E+01  7.1634E+02  1.2915E+01  1.8065E+01 -5.1496E+00 -5.8066E-02
  3.6000E+01  3.2100E+01  7.1634E+02  8.8827E+00  1.7722E+01 -8.8397E+00 -1.4945E+00
  3.6000E+01  3.2100E+01  7.1634E+02  1.2124E+01  1.7375E+01 -5.2505E+00 -2.7228E-01
  3.6000E+01  3.2100E+01  7.1634E+02  9.9651E+00  1.6008E+01 -6.0427E+00 -8.5824E-01
  3.6000E+01  3.2100E+01  7.1634E+02  1.2196E+01  1.2479E+01 -2.8333E-01  3.9117E-01
  3.6000E+01  3.2100E+01  7.1634E+02  1.0926E+01  9.7273E+00  1.1987E+00  4.1808E-01
  3.6000E+01  3.2100E+01  7.1634E+02  8.1208E+00  7.5822E+00  5.3864E-01 -1.3442E-02
  3.6000E+01  3.2100E+01  7.1634E+02  7.9105E+00  5.9101E+00  2.0004E+00  2.6536E-01
  3.6000E+01  3.2100E+01  7.1634E+02  7.1146E+00  4.6067E+00  2.5079E+00  3.3554E-01
  3.7000E+01  2.8642E+01  5.5764E+02  0.0000E+00  0.0000E+00  0.0000E+00  0.0000E+00
  3.7000E+01  2.8642E+01  5.5764E+02  5.4183E-01  0.0000E+00  5.4183E-01  1.3119E-01
  3.7000E+01  2.8642E+01  5.5764E+02  8.4127E+00  9.3379E+00 -9.2521E-01  1.4360E-01
  3.7000E+01  2.8642E+01  5.5764E+02  1.3780E+01  1.4396E+01 -6.1554E-01  5.1614E-01
  3.7000E+01  2.8642E+01  5.5764E+02  1.5235E+01  1.7054E+01 -1.8194E+00  2.4959E-01
  3.7000E+01  2.8642E+01  5.5764E+02  1.4094E+01  1.8370E+01 -4.2765E+00 -6.0406E-01
  3.7000E+01  2.8642E+01  5.5764E+02  1.7997E+01  1.8936E+01 -9.3937E-01  6.3608E-01
  3.7000E+01  2.8642E+01  5.5764E+02  1.7881E+01  1.9085E+01 -1.2036E+00  5.0985E-01
  3.7000E+01  2.8642E+01  5.5764E+02  1.2514E+01  1.9002E+01 -6.4877E+00 -1.5250E+00
  3.7000E+01  2.8642E+01  5.5764E+02  1.3030E+01  1.8792E+01 -5.7623E+00 -1.2957E+00
  3.7000E+01  2.8642E+01  5.5764E+02  1.7938E+01  1.8515E+01 -5.7723E-01  5.9064E-01
  3.7000E+01  2.8642E+01  5.5764E+02  1.7317E+01  1.8203E+01 -8.8622E-01  4.1894E-01
  3.7000E+01  2.8642E+01  5.5764E+02  1.5202E+01  1.7875E+01 -2.6727E+00 -2.9077E-01
  3.7000E+01  2.8642E+01  5.5764E+02  1.3130E+01  1.7540E+01 -4.4099E+00 -9.6944E-01
  3.7000E+01  2.8642E+01  5.5764E+02  1.4758E+01  1.6220E+01 -1.4621E+00 -8.2625E-02
  3.7000E+01  2.8642E+01  5.5764E+02  1.5875E+01  1.2786E+01  3.0888E+00  1.0205E+00
  3.7000E+01  2.8642E+01  5.5764E+02  1.1659E+01  1.0078E+01  1.5810E+00  2.9378E-01
  3.7000E+01  2.8642E+01  5.5764E+02  9.4002E+00  7.9434E+00  1.4568E+00  1.3251E-01
  3.7000E+01  2.8642E+01  5.5764E+02  7.8941E+00  6.2609E+00  1.6332E+00  1.2351E-01
  3.7000E+01  2.8642E+01  5.5764E+02  9.6308E+00  4.9348E+00  4.6960E+00  9.2269E-01
  3.8000E+01  4.4434E+01  7.4782E+02  0.0000E+00  0.0000E+00  0.0000E+00  0.0000E+00
  3.8000E+01  4.4434E+01  7.4782E+02 -4.0024E-01  0.0000E+00 -4.0024E-01 -9.6907E-02
  3.8000E+01  4.4434E+01  7.4782E+02  6.7693E+00  9.3274E+00 -2.5581E+00  1.7804E-01
  3.8000E+01  4.4434E+01  7.4782E+02  1.0703E+01  1.4361E+01 -3.6576E+00  4.1192E-01
  3.8000E+01  4.4434E+01  7.4782E+02  8.8319E+00  1.6988E+01 -8.1560E+00 -8.4650E-01
  3.8000E+01  4.4434E+01  7.4782E+02  8.2934E+00  1.8269E+01 -9.9757E+00 -1.4026E+00
  3.8000E+01  4.4434E+01  7.4782E+02  1.4794E+01  1.8799E+01 -4.0051E+00  8.5297E-01
  3.8000E+01  4.4434E+01  7.4782E+02  1.4877E+01  1.8912E+01 -4.0345E+00  8.3098E-01
  3.8000E+01  4.4434E+01  7.4782E+02  1.3593E+01  1.8794E+01 -5.2006E+00  3.4665E-01
  3.8000E+01  4.4434E+01  7.4782E+02  9.6101E+00  1.8550E+01 -8.9401E+00 -1.1098E+00
  3.8000E+01  4.4434E+01  7.4782E+02  1.2827E+01  1.8240E+01 -5.4134E+00  1.3343E-01
  3.8000E+01  4.4434E+01  7.4782E+02  1.2794E+01  1.7897E+01 -5.1029E+00  1.7436E-01
  3.8000E+01  4.4434E+01  7.4782E+02  6.9577E+00  1.7538E+01 -1.0581E+01 -1.8877E+00
  3.8000E+01  4.4434E+01  7.4782E+02  9.6546E+00  1.7175E+01 -7.5201E+00 -8.4005E-01
  3.8000E+01  4.4434E+01  7.4782E+02  1.0004E+01  1.5753E+01 -5.7485E+00 -4.5299E-01
  3.8000E+01  4.4434E+01  7.4782E+02  6.1189E+00  1.2115E+01 -5.9958E+00 -1.0428E+00
  3.8000E+01  4.4434E+01  7.4782E+02  8.4987E+00  9.3157E+00 -8.1695E-01  2.1035E-01
  3.8000E+01  4.4434E+01  7.4782E+02  4.8899E+00  7.1633E+00 -2.2734E+00 -4.2471E-01
  3.8000E+01  4.4434E+01  7.4782E+02  6.4896E+00  5.5083E+00  9.8131E-01  3.3923E-01
  3.8000E+01  4.4434E+01  7.4782E+02  4.6586E+00  4.2356E+00  4.2296E-01  1.0308E-01
  3.9000E+01  3.5359E+01  3.3262E+02  0.0000E+00  0.0000E+00  0.0000E+00  0.0000E+00
  3.9000E+01  3.5359E+01  3.3262E+02  1.4333E+00  0.0000E+00  1.4333E+00  3.4703E-01
  3.9000E+01  3.5359E+01  3.3262E+02  1.0420E+01  9.2871E+00  1.1329E+00 -7.1165E-01
  3.9000E+01  3.5359E+01  3.3262E+02  1.9124E+01  1.4227E+01  4.8973E+00 -1.9987E-01
  3.9000E+01  3.5359E+01  3.3262E+02  2.1561E+01  1.6734E+01  4.8267E+00 -5.9257E-01
  3.9000E+01  3.5359E+01  3.3262E+02  2.4694E+01  1.7885E+01  6.8094E+00 -5.3733E-02
  3.9000E+01  3.5359E+01  3.3262E+02  2.5208E+01  1.8281E+01  6.9273E+00 -6.4869E-02
  3.9000E+01  3.5359E+01  3.3262E+02  3.3445E+01  1.8261E+01  1.5184E+01  2.9951E+00
  3.9000E+01  3.5359E+01  3.3262E+02  2.1875E+01  1.8014E+01  3.8605E+00 -1.1383E+00
  3.9000E+01  3.5359E+01  3.3262E+02  2.4767E+01  1.7648E+01  7.1189E+00  1.1925E-01
  3.9000E+01  3.5359E+01  3.3262E+02  2.8667E+01  1.7221E+01  1.1446E+01  1.7453E+00
  3.9000E+01  3.5359E+01  3.3262E+02  3.2780E+01  1.6766E+01  1.6014E+01  3.4230E+00
  3.9000E+01  3.5359E+01  3.3262E+02  2.1074E+01  1.6302E+01  4.7716E+00 -4.9833E-01
  3.9000E+01  3.5359E+01  3.3262E+02  1.6422E+01  1.5840E+01  5.8250E-01 -1.8767E+00
  3.9000E+01  3.5359E+01  3.3262E+02  2.3942E+01  1.4076E+01  9.8663E+00  1.5474E+00
  3.9000E+01  3.5359E+01  3.3262E+02  1.5698E+01  9.8424E+00  5.8556E+00  7.3579E-01
  3.9000E+01  3.5359E+01  3.3262E+02  1.2305E+01  6.8812E+00  5.4238E+00  9.0090E-01
  3.9000E+01  3.5359E+01  3.3262E+02  6.6410E+00  4.8110E+00  1.8300E+00  1.1111E-01
  3.9000E+01  3.5359E+01  3.3262E+02  6.3535E+00  3.3635E+00  2.9900E+00  5.3992E-01
  3.9000E+01  3.5359E+01  3.3262E+02  4.5520E+00  2.3516E+00  2.2004E+00  4.1233E-01
  4.0000E+01  3.4786E+01  3.1054E+02  0.0000E+00  0.0000E+00  0.0000E+00  0.0000E+00
  4.0000E+01  3.4786E+01  3.1054E+02 -9.1684E-01  0.0000E+00 -9.1684E-01 -2.2199E-01
  4.0000E+01  3.4786E+01  3.1054E+02  1.2425E+01  9.3403E+00  3.0847E+00 -1.9483E-01
  4.0000E+01  3.4786E+01  3.1054E+02  2.1081E+01  1.4403E+01  6.6775E+00  2.9378E-01
  4.0000E+01  3.4786E+01  3.1054E+02  2.3132E+01  1.7070E+01  6.0625E+00 -2.7297E-01
  4.0000E+01  3.4786E+01  3.1054E+02  2.8249E+01  1.8393E+01  9.8555E+00  9.5484E-01
  4.0000E+01  3.4786E+01  3.1054E+02  3.1272E+01  1.8968E+01  1.2304E+01  1.8481E+00
  4.0000E+01  3.4786E+01  3.1054E+02  2.4474E+01  1.9124E+01  5.3501E+00 -7.4208E-01
  4.0000E+01  3.4786E+01  3.1054E+02  2.8331E+01  1.9049E+01  9.2820E+00  8.0567E-01
  4.0000E+01  3.4786E+01  3.1054E+02  2.7141E+01  1.8848E+01  8.2935E+00  5.1385E-01
  4.0000E+01  3.4786E+01  3.1054E+02  2.7214E+01  1.8578E+01  8.6361E+00  7.2998E-01
  4.0000E+01  3.4786E+01  3.1054E+02  2.4786E+01  1.8273E+01  6.5128E+00  3.3780E-02
  4.0000E+01  3.4786E+01  3.1054E+02  2.7226E+01  1.7952E+01  9.2744E+00  1.1417E+00
  4.0000E+01  3.4786E+01  3.1054E+02  2.0500E+01  1.7624E+01  2.8765E+00 -1.1025E+00
  4.0000E+01  3.4786E+01  3.1054E+02  1.9212E+01  1.6328E+01  2.8844E+00 -7.2334E-01
  4.0000E+01  3.4786E+01  3.1054E+02  2.0613E+01  1.2943E+01  7.6699E+00  1.6136E+00
  4.0000E+01  3.4786E+01  3.1054E+02  7.2206E+00  1.0259E+01 -3.0381E+00 -1.2664E+00
  4.0000E+01  3.4786E+01  3.1054E+02  7.5401E+00  8.1311E+00 -5.9103E-01 -2.1734E-01
  4.0000E+01  3.4786E+01  3.1054E+02  7.1073E+00  6.4448E+00  6.6253E-01  3.0892E-01
  4.0000E+01  3.4786E+01  3.1054E+02  5.4313E+00  5.1082E+00  3.2315E-01  3.0709E-01
